600000
600004
600005
600007
600008
600009
600010
600011
600012
600015
600016
600017
600018
600019
600020
600021
600023
600026
600027
600028
600029
600030
600031
600033
600036
600037
600038
600039
600048
600050
600054
600056
600058
600059
600060
600062
600063
600064
600066
600067
600068
600073
600078
600079
600081
600085
600088
600089
600094
600098
600100
600101
600104
600106
600108
600109
600111
600112
600114
600115
600116
600118
600119
600120
600122
600123
600125
600132
600135
600138
600141
600143
600150
600153
600157
600158
600160
600161
600162
600166
600168
600169
600170
600171
600172
600173
600175
600176
600177
600180
600183
600185
600188
600190
600195
600196
600197
600200
600201
600206
600208
600210
600216
600219
600221
600236
600239
600240
600251
600252
600255
600256
600257
600261
600266
600267
600269
600270
600271
600273
600276
600277
600278
600280
600282
600284
600285
600289
600290
600292
600295
600298
600300
600305
600307
600309
600312
600315
600316
600318
600321
600323
600325
600326
600327
600329
600332
600335
600337
600340
600343
600348
600350
600351
600352
600362
600363
600366
600369
600372
600376
600377
600380
600381
600383
600386
600387
600388
600391
600395
600396
600397
600398
600399
600400
600405
600406
600409
600410
600415
600416
600420
600422
600425
600426
600428
600435
600436
600438
600439
600446
600449
600458
600459
600460
600468
600479
600480
600481
600482
600483
600485
600486
600487
600489
600490
600491
600495
600496
600497
600498
600499
600500
600501
600502
600503
600507
600509
600510
600511
600516
600517
600518
600519
600521
600522
600525
600526
600527
600528
600532
600535
600536
600537
600545
600546
600547
600548
600549
600551
600552
600557
600559
600562
600563
600565
600566
600567
600570
600571
600572
600577
600578
600580
600582
600583
600584
600585
600586
600587
600588
600594
600596
600597
600600
600601
600611
600612
600614
600617
600621
600623
600624
600626
600628
600633
600634
600635
600636
600637
600638
600639
600640
600641
600642
600643
600645
600648
600649
600650
600651
600654
600655
600657
600660
600661
600662
600663
600664
600666
600667
600668
600673
600674
600676
600682
600684
600685
600687
600688
600690
600694
600697
600699
600703
600704
600705
600708
600711
600716
600717
600718
600720
600729
600730
600736
600739
600741
600742
600743
600748
600750
600754
600755
600756
600761
600765
600773
600775
600776
600780
600783
600784
600787
600790
600794
600795
600801
600802
600804
600805
600806
600808
600811
600814
600816
600818
600820
600823
600824
600825
600826
600827
600828
600830
600831
600835
600837
600839
600845
600846
600850
600858
600859
600860
600863
600864
600867
600869
600871
600872
600873
600874
600875
600876
600880
600881
600884
600885
600886
600887
600888
600893
600894
600895
600897
600900
600917
600958
600959
600963
600965
600967
600970
600971
600973
600978
600987
600988
600990
600993
600995
600997
600998
600999
601000
601001
601002
601005
601006
601009
601010
601012
601015
601016
601018
601021
601038
601058
601088
601098
601099
601101
601106
601107
601111
601117
601118
601126
601139
601158
601166
601168
601169
601179
601186
601198
601199
601208
601211
601216
601218
601222
601226
601231
601233
601238
601258
601288
601311
601313
601318
601328
601333
601336
601339
601368
601369
601377
601390
601398
601515
601555
601567
601588
601600
601601
601607
601608
601618
601628
601633
601636
601666
601668
601669
601678
601688
601689
601699
601700
601717
601718
601727
601766
601777
601788
601789
601798
601799
601800
601801
601808
601818
601857
601866
601872
601877
601880
601886
601888
601898
601899
601901
601908
601919
601928
601929
601933
601939
601958
601965
601968
601969
601985
601988
601989
601991
601992
601998
603000
603005
603019
603025
603077
603116
603118
603126
603128
603168
603169
603188
603288
603306
603308
603328
603338
603355
603368
603369
603555
603567
603568
603589
603599
603600
603609
603616
603669
603686
603698
603699
603766
603883
603885
603898
603899
603979
603993
