[1, 0, 1, 1, 1, 1, -1.0763732129465287, -1.0763732129465287, -1.0763732129465287, -1.0763732129465287, -1.0763732129465287, -1.708427389029598, 2.0838976674407497, -1.708427389029598, 3.980060195675924, 1.4518434913576803, 3.980060195675924, 3.348006019606889, 3.348006019606889, 0.8197893152886453, 3.980060195675924, 2.0838976674407497, -1, -1, -1, -1, -1, 0, 0, 1, 1, 1, 1, 1]|0
[1, 0, 1, 1, 1, 1, -3.378226142934187, -4.700035763247028, -0.954908505690716, -4.479734159864816, -0.5143052989213993, -0.7346069023085036, -0.0737020921520827, -0.954908505690716, -0.7346069023085036, -0.954908505690716, -0.954908505690716, -0.954908505690716, -0.954908505690716, -0.954908505690716, -0.954908505690716, -1.1752101090778202, 1, 0, -1, -1, 0, -1, -1, -1, 0, -1, 1, 1]|0
[1, 1, 1, 1, 1, 1, -0.10705747346171743, -0.29181409582111784, -0.16864301424818423, -0.53815625896425, 0.5087979343988481, -0.47657071817915075, 0.6319690159704142, 0.5703834751839474, 0.7551400975419803, 0.5087979343988481, 0.5703834751839474, 0.5087979343988481, 0.5087979343988481, 0.5087979343988481, 0.5087979343988481, 0.5087979343988481, -1, -1, -1, -1, -1, -1, -1, -1, -1, -1, -1, -1]|1
[1, 1, 1, 1, 1, 1, -0.16608996539939266, -0.4325259515588539, -0.03287197231892252, -0.23269896193962772, -0.09948096885915758, -0.49913494809760994, 0.6332179930789911, -0.4325259515588539, 0.7664359861579823, 0.6998269896177471, 0.8996539792369733, 0.6332179930789911, 0.6998269896177471, 0.6332179930789911, 0.6332179930789911, 0.6332179930789911, -1, -1, -1, -1, -1, -1, -1, -1, -1, -1, -1, -1]|0
[1, 1, 1, 1, 1, 1, -0.4132139288189503, -0.8393804289335667, -0.12910292874201362, -0.4132139288189503, 0.012952571297243275, -0.20013067876164206, -0.05807517872238517, -0.4842416788370016, 0.7232300714887964, -0.4132139288189503, 0.8652855715264761, 0.7942578215068476, 1.007341071564156, 0.7232300714887964, 0.7942578215068476, 0.7232300714887964, -1, -1, -1, -1, -1, -1, -1, -1, -1, -1, -1, -1]|0
[1, 1, 0, 1, 1, 1, -0.889297328446961, -0.889297328446961, -0.4393899477214125, -0.889297328446961, -0.13945169390382517, -0.4393899477214125, 0.010517433005800986, -0.21443625735863825, -0.06446713044901209, -0.5143745111745606, 0.7603630675489368, -0.4393899477214125, 0.910332194456898, 0.8353476310020849, 1.060301321364859, 0.7603630675489368, -1, -1, -1, -1, -1, -1, -1, -1, -1, -1, -1, -1]|0
[1, 1, 0, 0, 1, 1, -0.3507065356219805, -0.4026580797823657, -0.4026580797823657, -0.4026580797823657, -0.09094881482236204, -0.4026580797823657, 0.11685736181802489, -0.09094881482236204, 0.22076045013879514, 0.06490581765763977, 0.16880890597841003, -0.1429003589815936, 0.7402758917391857, -0.09094881482236204, 0.8441789800588023, 0.7922274358984173, -1, -1, -1, -1, -1, -1, -1, -1, -1, -1, -1, -1]|0
[1, 1, 0, 0, 1, 1, -0.57496823379881, -0.8418043202031817, -0.6817026683610327, -0.8418043202031817, -0.2547649301145119, -0.3081321473956232, -0.3081321473956232, -0.3081321473956232, 0.012071156288674837, -0.3081321473956232, 0.2255400254119352, 0.012071156288674837, 0.3322744599741579, 0.1721728081308239, 0.27890724269304656, -0.041296060991251514, 0, -1, -1, -1, -1, -1, -1, -1, -1, -1, -1, -1]|3
[1, 1, 0, 0, 1, 1, 0.7120287215985578, -0.24079170632793517, -0.20414476679205043, -0.38737946447066035, -0.2774386458638199, -0.38737946447066035, 0.015736870421630446, -0.02091006911425428, -0.02091006911425428, -0.02091006911425428, 0.19897156809942662, -0.02091006911425428, 0.3455593262421518, 0.19897156809942662, 0.41885320531392123, 0.30891238670626703, 0, 0, -1, -1, -1, -1, -1, -1, -1, -1, -1, -1]|3
[1, 1, 0, 0, 1, 1, 0.8615242127529139, 0.5758754520578636, 0.7186998324053888, -0.20965863985233546, -0.17395254476525596, -0.3524830201998606, -0.24536473493941494, -0.3524830201998606, 0.04028402575563536, 0.004577930668555861, 0.004577930668555861, 0.004577930668555861, 0.21881450118944717, 0.004577930668555861, 0.3616388815369723, 0.21881450118944717, 0, 0, 0, -1, -1, -1, -1, -1, -1, -1, -1, -1]|3
[1, 1, 0, 0, 1, 1, 0.8847190173760962, 0.47493874128489466, 0.6505588596095097, 0.41639870184292305, 0.5334787807262164, -0.22754173201421513, -0.19827171229322932, -0.3446218108975084, -0.25681175173520093, -0.3446218108975084, -0.022651593968614357, -0.05192161368960016, -0.05192161368960016, -0.05192161368960016, 0.1236985046350148, -0.05192161368960016, 0, 0, 0, 0, -1, -1, -1, -1, -1, -1, -1, -1]|3
[1, 1, 0, 0, 1, 1, 0.8980776932319379, 0.6962354825789665, 0.7466960352424894, 0.3934721666000697, 0.544853824589518, 0.3430116139365467, 0.4439327192630324, -0.21205446535828418, -0.1868241890265227, -0.31297557068476983, -0.23728474169004565, -0.31297557068476983, -0.035442531037074294, -0.06067280736883577, -0.06067280736883577, -0.06067280736883577, 0, 0, 0, 0, 0, -1, -1, 0, 0, 0, 0, -1]|3
[1, 1, 0, 0, 1, 1, 0.8807580632507488, 0.5775327630859011, 0.7508043631802371, 0.5775327630859011, 0.6208506631097256, 0.31762536294487786, 0.44757906301538947, 0.2743074629210534, 0.36094326296822143, -0.20218943733764944, -0.1805304873257372, -0.28882523738481747, -0.2238483873495617, -0.28882523738481747, -0.05057678725522561, -0.07223573726713785, 0, 0, 0, 0, 0, 0, 0, 0, 0, 0, 0, 0]|3
[0, 1, 0, 0, 1, 1, 0.45594273081378967, 0.3864617328143272, 0.6470154753132755, 0.40383198231399997, 0.5427939783136962, 0.40383198231399997, 0.4385724813141169, 0.1953889883148413, 0.29961048531442064, 0.1606484893147244, 0.2301294873145725, -0.22149699968386174, -0.2041267501838033, -0.29097799768370985, -0.23886724918392022, -0.29097799768370985, 0, 0, 0, 0, 0, 0, 0, 0, 0, 0, 0, 0]|2
[0, 1, 0, 0, 1, 1, 0.3615935284685264, 0.1375335692232438, 0.3615935284685264, 0.30184420600333883, 0.5259041652486214, 0.3167815366194699, 0.43628018155050835, 0.3167815366194699, 0.3466561978523953, 0.1375335692232438, 0.22715755292135684, 0.10765890799031834, 0.16740823045583758, -0.22096236556954002, -0.20602503495307728, -0.28071168803505925, 0, 0, 0, 0, 0, 0, 0, 0, 0, 0, 0, 0]|2
[0, 1, 0, 0, 1, 1, 0.4015939635983548, 0.23833673599450303, 0.4015939635983548, 0.1789704714111344, 0.4015939635983548, 0.34222769901531574, 0.5648511912025361, 0.3570692651609107, 0.47580179432764796, 0.3570692651609107, 0.3867523974527598, 0.1789704714111344, 0.26801986828602253, 0.1492873391192853, 0.20865360370265393, -0.17722711608874783, 0, 0, 0, 0, 0, 0, 0, 0, 0, 0, 0, 0]|2
[0, 1, 0, 0, 1, 1, 0.47877014925412453, 0.34035820895537866, 0.4941492537314974, 0.3249791044780058, 0.4941492537314974, 0.26346268656749, 0.4941492537314974, 0.43263283582132306, 0.6633194029853304, 0.4480119402986959, 0.5710447761197275, 0.4480119402986959, 0.47877014925412453, 0.26346268656749, 0.35573731343309295, 0.2327044776120614, 0, 0, 0, 0, 0, 0, 0, 0, 0, 0, 0, 0]|3
[0, 1, 0, 0, 1, 1, 0.7761434703117801, 0.3819846046403775, 0.4729443428724468, 0.33650473552451116, 0.4881042992441778, 0.3213447791527801, 0.4881042992441778, 0.26070495366484614, 0.4881042992441778, 0.4274644737565804, 0.6548638193359121, 0.4426244301283115, 0.5639040811041794, 0.4426244301283115, 0.4729443428724468, 0.26070495366484614, 0, 0, 0, 0, 0, 0, 0, 0, 0, 0, 0, 0]|3
[0, 1, 0, 0, 1, 1, 0.7776066773791827, 0.7488618103909555, 0.7632342438850691, 0.3895509730403488, 0.47578557400471144, 0.3464336725583271, 0.4901580074985059, 0.3320612390645326, 0.4901580074985059, 0.2745715050883972, 0.4901580074985059, 0.4326682735226897, 0.6482547759327983, 0.4470407070164842, 0.5620201749687549, 0.4470407070164842, 0, 0, 0, 0, 0, 0, 0, 0, 0, 0, 0, 0]|3
[0, 0, 0, 0, 1, 1, 0.6022700073171524, 0.4543377017713569, 0.47077462460990027, 0.43790077893281354, 0.4543377017713569, 0.026977707971783702, 0.12559924500267905, -0.02233306054348148, 0.14203616784085746, -0.03876998338165989, 0.14203616784085746, -0.10451767473546845, 0.14203616784085746, 0.07628847648741385, 0.3228423190637398, 0.09272539932559228, 0, 0, 0, 0, 1, 1, 0, 0, 0, 0, 0, 0]|3
[0, 0, 0, 0, 1, 1, 0.8682478027570303, 0.20923993548054573, 0.766861977021667, 0.310625761215909, 0.36131867408359064, 0.2599328483482274, 0.310625761215909, -1.0073899733359344, -0.7032324961309703, -1.1594687119378537, -0.6525395832644142, -1.2101616248044098, -0.6525395832644142, -1.4129332762740108, -0.6525395832644142, -0.8553112347328895, 1, 0, 1, 1, 1, 1, 1, 1, 1, 1, 1, 1]|3
[0, 0, 1, 1, 1, 1, -0.10728525613228178, -0.45767963942066425, -0.1573415966012568, -0.35756695848049125, -0.0572289156621953, -0.40762329895057775, 0.14299644621703916, -0.20739793707134327, 0.19305278668712564, -0.45767963942066425, 0.09294010574695268, -0.35756695848049125, -0.3075106180104048, -0.40762329895057775, -0.35756695848049125, -1.6590318106949595, 1, 1, 1, 1, 1, 1, 1, 1, 1, 1, 1, 1]|1
[0, 0, 1, 1, 1, 1, -0.27052973919580753, -0.5182000125083855, -0.3118081180815427, -0.600756770279856, -0.35308649696636135, -0.5182000125083855, -0.27052973919580753, -0.5594783913941207, -0.10541622365378328, -0.3943648758520965, -0.0641378447680481, -0.600756770279856, -0.1466946025395185, -0.5182000125083855, -0.47692163362265033, -0.5594783913941207, 1, 1, 1, 1, 1, 1, 1, 1, 1, 1, 1, 1]|1
[0, 0, 1, 1, 1, 1, -0.5962650969254449, -0.8392367806763702, -0.6367603775508989, -0.7987415000518154, -0.5962650969254449, -0.7582462194263615, -0.4747792550499822, -0.7177509388009076, -0.5152745356754361, -0.7987415000518154, -0.5557698162999909, -0.7177509388009076, -0.4747792550499822, -0.7582462194263615, -0.31279813254906563, -0.5962650969254449, 0, 0, 1, 1, 1, 1, 1, 1, 1, 1, 1, 1]|0
[0, 0, 1, 1, 1, 1, -0.42395982783393077, -0.6649928263989162, -0.6248206599711214, -0.8658536585361067, -0.6649928263989162, -0.8256814921092038, -0.6248206599711214, -0.785509325681409, -0.5043041606886286, -0.745337159253614, -0.5444763271164235, -0.8256814921092038, -0.5846484935433264, -0.745337159253614, -0.5043041606886286, -0.785509325681409, 1, 0, 0, 1, 1, 1, 1, 1, 1, 1, 1, 1]|0
[0, 0, 1, 1, 1, 1, -0.45715419201206536, -0.7015339857183126, -0.33496429516165493, -1.0681036762749703, -0.9459137794218467, -1.6790531605351622, -1.0681036762749703, -1.5568632636847517, -0.9459137794218467, -1.434673366831628, -0.5793440888651891, -1.3124834699785044, -0.7015339857183126, -1.5568632636847517, -0.8237238825687231, -1.3124834699785044, 1, 1, 0, 0, 1, 1, 1, 1, 1, 1, 1, 1]|0
[0, 0, 1, 1, 1, 1, 1.8153296266657626, -6.222795869671754, -5.074492227356036, -11.964314081352336, 4.1119369113226965, -8.519403154354185, -2.7778849426736034, -5.074492227356036, -1.6295813003578852, -8.519403154354185, -7.37109951201297, -14.26092136600927, -8.519403154354185, -13.112617723693551, -7.37109951201297, -11.964314081352336, 1, 1, 1, 1, 1, 1, 1, 1, 1, 1, 1, 1]|0
[1, 0, 1, 1, 1, 1, 4.247989276104436, -3.1836461125831597, 0.9450402144593929, -7.312332439644047, 3.4222520107069263, -2.357908847167315, -1.5321715817698056, -6.486595174228203, 5.073726541520281, -4.009383377999004, 0.11930294906188339, -1.5321715817698056, 0.9450402144593929, -4.009383377999004, -3.1836461125831597, -8.138069705041557, 1, 1, 1, 1, 1, 1, 1, -1, -1, 1, 1, 1]|0
[1, 0, 1, 1, 1, 1, 1.5764044944056639, -2.6707865168815066, 2.5202247191326532, -1.726966292154517, 0.6325842696681959, -4.086516853987709, 2.048314606774398, -1.2550561797857829, -0.7831460674275275, -3.6146067416189744, 2.9921348315013874, -2.1988764045232507, 0.16067415730994045, -0.7831460674275275, 0.6325842696681959, -2.1988764045232507, 1, 1, 1, 1, 1, 1, 1, 1, -1, -1, 1, 1]|0
[0, 0, 1, 1, 1, 1, -0.2953386744346002, -1.3659868900210757, 0.31646030590101387, -1.0600873998515707, 0.6223597960671228, -0.7541879096854617, 0.010560815731508756, -1.5189366351058282, 0.46941005098576644, -0.6012381646007091, -0.4482884195193527, -1.3659868900210757, 0.7753095411518753, -0.9071376547702142, -0.14238892934984762, -0.4482884195193527, 0, 1, 1, 1, 1, 1, 1, 1, 1, 0, 0, 1]|0
[0, 0, 1, 1, 1, 1, 0.3410554421251064, -0.4681168525201076, -0.0635307051975006, -0.6704099261802882, -0.0635307051975006, -0.7715564630115014, 0.3410554421251064, -0.5692633893490749, 0.543348515785287, -0.3669703156888944, 0.13876236846267995, -0.8727029998427146, 0.44220197895631963, -0.26582377885768116, -0.16467724202871384, -0.7715564630115014, 0, 0, 0, 0, 1, 1, 0, 1, 0, 0, 0, 0]|2
[0, 0, 1, 1, 1, 1, 0.09500328731213979, -0.12590401051715622, 0.31591058514388837, -0.5677186061782008, -0.12590401051715622, -0.7886259040074968, -0.12590401051715622, -0.8990795529233712, 0.31591058514388837, -0.6781722550916225, 0.5368178829731843, -0.4572649572623265, 0.09500328731213979, -1.0095332018392453, 0.42636423405976265, -0.34681130834645224, 0, 0, 0, 0, 1, 1, 1, 0, 1, 0, 1, 0]|1
[1, 0, 1, 1, 1, 1, 0.6976099351687254, -1.5551433257835066, 0.13442161992754112, -0.24103725689574665, 0.5098804967549974, -0.9919550105464906, -0.24103725689574665, -1.3674138873697783, -0.24103725689574665, -1.5551433257835066, 0.5098804967549974, -1.1796844489560503, 0.8853393735782851, -0.8042255721327626, 0.13442161992754112, -1.7428727641972346, 0, 1, 1, 0, 0, 1, 1, 1, 1, 1, 1, 1]|1
[1, 0, 1, 1, 1, 1, 1.1205410133169011, -1.7656962578933504, 1.1205410133169011, -2.342943712139246, 0.25466983194805787, -0.3225776222914289, 0.8319172861939534, -1.4770725307768113, -0.3225776222914289, -2.054319985016298, -0.3225776222914289, -2.342943712139246, 0.8319172861939534, -1.7656962578933504, 1.4091647404334402, -1.1884488036538634, 0, -1, 1, 1, 0, 0, 1, 1, 1, 1, 1, 1]|1
[0, 0, 1, 1, 1, 1, 0.9715719063584947, -0.9949832775930425, 0.5501672240836109, -0.8545150501670415, 0.5501672240836109, -1.1354515050190435, 0.12876254180560803, -0.15217391304327485, 0.4096989966576099, -0.7140468227441596, -0.15217391304327485, -0.9949832775930425, -0.15217391304327485, -1.1354515050190435, 0.4096989966576099, -0.8545150501670415, 0, 0, 0, 1, 0, 0, 0, 1, 1, 1, 0, 1]|1
[0, 0, 1, 1, 1, 1, 0.12189650014804039, -0.509871373017861, 0.2798384684408309, -0.11501645228939182, 0.5957224050246583, -0.509871373017861, 0.35880945258722613, -0.4309003888714658, 0.35880945258722613, -0.5888423571642563, 0.12189650014804039, -0.036045468142996584, 0.2798384684408309, -0.35192940472682405, -0.036045468142996584, -0.509871373017861, 0, 0, 0, 0, 0, 0, 0, 0, 0, 0, 1, 0]|2
[0, 0, 1, 1, 1, 1, 0.3860047588148895, -0.5038935756001687, 0.14330521306385843, -0.5038935756001687, 0.30510491023121245, -0.09939433268537626, 0.6287043045641242, -0.5038935756001687, 0.3860047588148895, -0.4229937270164916, 0.3860047588148895, -0.5847934241838456, 0.14330521306385843, -0.018494484101699245, 0.30510491023121245, -0.342093878434611, 0, 0, 0, 0, 0, 0, 0, 0, 0, 0, 0, 1]|1
[0, 0, 1, 1, 1, 1, 0.3277816639858815, -0.3868728680940408, 0.19784447633564223, -0.5168100557442801, 0.002938694858119487, -0.5168100557442801, 0.1328758825098013, -0.19196708661796066, 0.3927502578117224, -0.5168100557442801, 0.19784447633564223, -0.45184146191843916, 0.19784447633564223, -0.581778649570121, 0.002938694858119487, -0.12699849279211975, 0, 0, 0, 0, 0, 0, 0, 0, 0, 0, 0, 0]|2
[0, 0, 1, 1, 1, 1, 1.1877387804995718, 0.6464520401403253, 0.4144720085580363, -0.4361214405781679, 0.33714533136336766, -0.5134481177728365, 0.18249197697574734, -0.6681014721604569, -0.04948805460825862, -0.6681014721604569, 0.10516529978107869, -0.2814680861905476, 0.4144720085580363, -0.6681014721604569, 0.18249197697574734, -0.5907747949657882, 0, 0, 0, 0, 1, 0, 0, 0, 0, 0, 0, 0]|3
[0, 0, 1, 1, 1, 1, 1.8027295285334743, 0.5521091811403023, 1.2191066997502409, 0.6354838709670074, 0.38535980148874327, -0.5317617865994595, 0.3019851116620381, -0.6151364764261646, 0.13523573201047911, -0.7818858560777237, -0.11488833746963632, -0.7818858560777237, 0.051861042183773964, -0.3650124069479005, 0.38535980148874327, -0.7818858560777237, 0, 1, 0, 0, 0, 1, 1, 0, 0, 0, 1, 0]|3
[0, 0, 1, 1, 1, 1, 0.7827763496129122, 0.5565552699221806, 0.7375321336753686, 0.05886889460116459, 0.4208226221075407, 0.10411311053971276, -0.03161953727492713, -0.5293059125959432, -0.0768637532134753, -0.5745501285344913, -0.167352185089567, -0.6650385604105831, -0.30308483290521154, -0.6650385604105831, -0.2125964010281152, -0.43881748071985144, 0, 0, 1, 0, 0, 0, 1, 1, 0, 0, 0, 1]|3
[0, 0, 1, 1, 1, 1, 0.5876819797663747, 0.35448829344574323, 0.4544284447259082, 0.2878615259258798, 0.4211150609663463, -0.07858569543521814, 0.18792137464571487, -0.045272311674916584, -0.14521246295508153, -0.5116596843161795, -0.1785258467153831, -0.544973068076481, -0.2451526142352465, -0.6115998355963445, -0.34509276551615115, -0.6115998355963445, 0, 0, 0, 1, 0, 0, 0, 1, 1, 0, 0, 0]|2
[0, 0, 1, 1, 1, 1, 0.5433560988895193, 0.1847824786504059, 0.5433560988895193, 0.3151728860101493, 0.4129656915297759, 0.2499776823306395, 0.38036808969038294, -0.10859593790847395, 0.1521848768110129, -0.07599833606835714, -0.17379114158798376, -0.5323647618270972, -0.20638874342810057, -0.564962363667214, -0.27158394710761036, -0.6301575673467238, 0, 0, 0, 0, 1, 0, 0, 0, 1, 1, 0, 0]|2
[0, 0, 1, 1, 1, 1, 0.25845603819925417, 0.14660998648319223, 0.42622511577303673, 0.11864847355402151, 0.42622511577303673, 0.2304945252700835, 0.31437906405697474, 0.17457149941236294, 0.28641755112842493, -0.13300514280665227, 0.09068696062547167, -0.10504362987748156, -0.18892816866437281, -0.496504810883388, -0.21688968159354352, -0.5244663238125588, 0, 0, 0, 0, 0, 0, 0, 0, 0, 1, 0, 0]|2
[0, 0, 1, 1, 1, 1, 0.20556325976286924, 0.03416348927493341, 0.2626965165917583, 0.14843000293334585, 0.43409628707905984, 0.11986337451858417, 0.43409628707905984, 0.23412988817699662, 0.3198297734206474, 0.17699663134810756, 0.29126314500652, -0.1372362812123681, 0.09129674610445679, -0.10866965279760643, -0.1943695380412572, -0.5086024506017328, 0, 0, 0, 0, 0, 0, 1, 0, 0, 0, 1, 1]|2
[0, 0, 1, 1, 1, 1, 0.013774688480707717, -0.03776383826317484, 0.013774688480707717, -0.011994574891519656, 0.1426210053412724, -0.011994574891519656, 0.19415953208515493, 0.09108247859681765, 0.3487751123173748, 0.06531321522459027, 0.3487751123173748, 0.16839026871292756, 0.2456980588290375, 0.11685174196904502, 0.2199287954573823, -0.1666101551237395, 0, 0, 0, 0, 0, 0, 0, 0, 1, 0, 0, 0]|1
[0, 0, 1, 1, 1, 1, 0.04801793722035661, -0.025596412555369874, 0.023479820628266163, -0.025596412555369874, 0.023479820628266163, -0.0010582959638242822, 0.14617040358817354, -0.0010582959638242822, 0.1952466367718096, 0.09709417040399265, 0.34247533632326255, 0.07255605381190221, 0.34247533632326255, 0.17070852017971913, 0.2443228699554456, 0.1216322869960831, 0, 0, 0, 0, 0, 0, 0, 0, 0, 0, 0, 0]|2
[0, 0, 1, 1, 1, 1, -0.06050955413949681, -0.11146496815197263, -0.035031847132976045, -0.11146496815197263, -0.06050955413949681, -0.11146496815197263, -0.06050955413949681, -0.08598726114601758, 0.0668789808925413, -0.08598726114601758, 0.11783439490501711, 0.015923566879499768, 0.2707006369430103, -0.009554140127020999, 0.2707006369430103, 0.09235668789849634, 0, 0, 0, 0, 1, 0, 1, 1, 0, 0, 1, 0]|1
[0, 0, 1, 1, 1, 1, -0.22012684704080754, -0.27977194521271553, -0.24994939612676154, -0.30959449429800734, -0.22012684704080754, -0.30959449429800734, -0.24994939612676154, -0.30959449429800734, -0.24994939612676154, -0.27977194521271553, -0.10083665069765371, -0.27977194521271553, -0.04119155252640791, -0.1604817488695617, 0.13774374198799172, -0.1903042979555157, 0, 0, 0, 0, 1, 1, 1, 1, 1, 1, 1, 1]|1
[0, 0, 1, 1, 1, 1, -0.2962716378166555, -0.6424766977369739, -0.5039946737686928, -0.5732356857532177, -0.5386151797609552, -0.6078561917447114, -0.5039946737686928, -0.6078561917447114, -0.5386151797609552, -0.6078561917447114, -0.5386151797609552, -0.5732356857532177, -0.36551264980041165, -0.5732356857532177, -0.2962716378166555, -0.4347536617849366, 0, 0, 0, 0, 1, 1, 1, 1, 1, 1, 1, 1]|1
[0, 0, 1, 1, 1, 1, -0.4360447066121261, -0.6316361378445214, -0.33824899099592837, -0.6642347097168286, -0.5338404222283237, -0.5990375659729381, -0.5664389941006309, -0.6316361378445214, -0.5338404222283237, -0.6316361378445214, -0.5664389941006309, -0.6316361378445214, -0.5664389941006309, -0.5990375659729381, -0.4034461347398189, -0.5990375659729381, 0, 0, 0, 0, 0, 1, 1, 1, 1, 1, 1, 1]|1
[0, 0, 1, 1, 1, 1, -0.3901477832509471, -0.7188834154352975, -0.4200328407224327, -0.5993431855500189, -0.33037766830863957, -0.6292282430215045, -0.5096880131362258, -0.5694581280791969, -0.5395730706077113, -0.5993431855500189, -0.5096880131362258, -0.5993431855500189, -0.5395730706077113, -0.5993431855500189, -0.5395730706077113, -0.5694581280791969, 1, 0, 0, 0, 0, 0, 1, 1, 1, 1, 1, 1]|1
[0, 0, 1, 1, 1, 1, -0.2901667066242487, -0.5909655682657962, -0.34029985023043113, -0.8917644299073436, -0.3904329938377268, -0.6912318554792742, -0.24003356301695306, -0.7413649990865698, -0.5408324246585006, -0.6410987118730918, -0.5909655682657962, -0.6912318554792742, -0.5408324246585006, -0.6912318554792742, -0.5909655682657962, -0.6912318554792742, 1, 1, 0, 0, 0, 0, 0, 1, 1, 1, 1, 1]|1
[0, 0, 1, 1, 1, 1, -0.16817352864922722, -0.42030761814240813, -0.1321543730079155, -0.34826930685898494, -0.16817352864922722, -0.5643842407100543, -0.20419268429133872, -0.42030761814240813, -0.09613521736580401, -0.45632677378451963, -0.31225015121687344, -0.38428846250109644, -0.34826930685898494, -0.42030761814240813, -0.31225015121687344, -0.42030761814240813, 0, 0, 0, 0, 0, 0, 0, 0, 1, 1, 1, 1]|2
[1, 0, 1, 1, 1, 1, 1.6028286165995587, -2.2548234924732258, 0.5006422997227857, -0.785241736634809, 0.6843400191995287, -0.4178462976772443, 0.5006422997227857, -1.5200326145540173, 0.316944580241964, -0.785241736634809, 0.8680377386803505, -0.9689394561156308, -0.2341485781964225, -0.6015440171580662, -0.4178462976772443, -0.785241736634809, 0, 1, 1, 1, -1, 0, -1, -1, -1, 1, 1, 1]|1
[1, 0, 1, 1, 1, 1, 0.732722940560166, -2.3514208834345127, 1.7607708818947692, -2.5570304717023467, 0.5271133522968977, -0.9121537655688076, 0.732722940560166, -0.5009345890377056, 0.5271133522968977, -1.734592118635577, 0.32150376402906394, -0.9121537655688076, 0.9383325288279998, -1.1177633538366414, -0.29532500076987184, -0.7065441773055393, 1, 1, 1, 1, 1, -1, 0, -1, -1, -1, 1, 1]|0
[1, 0, 1, 1, 1, 1, -0.09988337026364262, -0.6343311473097255, 0.16734051826014054, -0.834749063702192, 0.5013703789152403, -0.9015550358335087, 0.10053454613030728, -0.3671072587859424, 0.16734051826014054, -0.23349531452479252, 0.10053454613030728, -0.6343311473097255, 0.03372857399899065, -0.3671072587859424, 0.23414649039145716, -0.43391323091725903, 0, 0, 0, 0, 0, 0, 0, 0, 0, 0, 0, 1]|0
[1, 0, 1, 1, 1, 1, -0.29138284381271357, -0.5557193538210149, 0.025820968197717568, -0.3971174478157993, 0.23729017620506293, -0.5557193538210149, 0.5016266862145381, -0.6085866558231446, 0.18442287420410702, -0.1856482398084539, 0.23729017620506293, -0.07991363580536817, 0.18442287420410702, -0.3971174478157993, 0.1315555722019772, -0.1856482398084539, 0, 0, 0, 0, 0, 0, 0, 0, 0, 0, 0, 0]|2
[1, 0, 1, 1, 1, 1, 0.7800683614611583, -0.6080965605620204, -0.24279000213555124, -0.6080965605620204, 0.19557786797686078, -0.38891262550581446, 0.4878231147190095, -0.6080965605620204, 0.8531296731471011, -0.6811578722479632, 0.41476180303468907, -0.09666737876366571, 0.4878231147190095, 0.04945524460659753, 0.41476180303468907, -0.38891262550581446, 0, 0, 0, 0, 0, 0, 0, 0, 0, 0, -1, -1]|3
[1, 0, 1, 1, 1, 1, 1.0958642842788875, 0.08401927323849012, 0.8429030315187881, -0.7591849026291317, -0.33758281469625695, -0.7591849026291317, 0.1683396908239417, -0.5062236498690323, 0.5056213611713649, -0.7591849026291317, 0.927223449106112, -0.8435053202164555, 0.4213009435859133, -0.1689419795216092, 0.5056213611713649, -0.0003011443488337471, 0, 0, 0, 0, 0, 0, 0, 0, 0, -1, 0, -1]|3
[1, 0, 1, 1, 1, 1, 0.8019161056438241, -0.6740031071992508, 0.6838425686156441, -0.024598653548192958, 0.5067322630746848, -0.6149663386851607, -0.3197824961173323, -0.6149663386851607, 0.03443811496458621, -0.4378560331442015, 0.2705851890196355, -0.6149663386851607, 0.5657690315887749, -0.6740031071992508, 0.21154842050685635, -0.2017089590891522, 0, 0, 0, 0, 0, 0, 0, 0, 0, 0, 0, 0]|3
[0, 0, 1, 1, 1, 1, 0.7628887942076726, 0.11525351512666122, 0.7628887942076726, -0.5863513705435357, 0.6549495810269048, 0.0073143019470918455, 0.4930407612569516, -0.5323817639531518, -0.26253373100362914, -0.5323817639531518, 0.061283908536277354, -0.37047294418319854, 0.27716233489661446, -0.5323817639531518, 0.5470103678473355, -0.5863513705435357, 0, 0, 0, 0, 0, 0, 0, 0, 0, 0, 0, 0]|3
[0, 1, 1, 1, 1, 1, 0.728254690165104, 0.15918135304226452, 0.596930073906062, 0.07163160886892184, 0.596930073906062, -0.49744172825391764, 0.5093803297327193, -0.015918135303448856, 0.3780557134736773, -0.4536668561672463, -0.23479249573583358, -0.4536668561672463, 0.027856736782250494, -0.32234223990820426, 0.20295622512796388, -0.4536668561672463, 0, 0, 0, 0, 0, 0, 0, 0, 0, 0, 0, 0]|3
[0, 1, 1, 1, 1, 1, 0.6809118541030007, 0.25294832826711766, 0.7237082066868741, 0.16735562310032118, 0.5953191489362042, 0.0817629179325744, 0.5953191489362042, -0.4745896656539785, 0.5097264437684574, -0.0038297872342220934, 0.38133738601778755, -0.4317933130701051, -0.21781155015263873, -0.4317933130701051, 0.03896656534870102, -0.3034042553194352, 0, 0, 0, 0, 0, 0, 0, 0, 0, 0, 0, 0]|3
[0, 1, 1, 1, 1, 1, 0.6070115738755084, 0.13078377736047084, 0.44826897503692753, 0.13078377736047084, 0.4800174948047847, 0.06728673782546148, 0.3847719355019182, 0.003789698289747153, 0.3847719355019182, -0.4089410586895761, 0.32127489596620384, -0.059707341245262203, 0.22602933666333735, -0.3771925389217189, -0.21844994008384302, -0.3771925389217189, 0, 0, 0, 0, 0, 0, 0, 0, 0, 0, 0, 0]|2
[0, 1, 1, 1, 1, 1, 0.18332964356938572, 0.04075713969481991, 0.43996015054284443, 0.01224263892041326, 0.49698915209292405, 0.0692716404698597, 0.3544166482183582, 0.0692716404698597, 0.382931148993398, 0.01224263892041326, 0.29738764666891176, -0.04478636262966633, 0.29738764666891176, -0.41547487270265104, 0.24035864511883218, -0.10181536417911277, 0, 0, 0, 0, 0, 0, 0, 0, 0, 0, 0, 0]|2
[0, 1, 1, 1, 1, 1, 0.061792610275433986, -0.050655156038793364, 0.17424037658966135, 0.0336806686967211, 0.4272478507962047, 0.005568727118632419, 0.4834717339536305, 0.061792610275433986, 0.34291202606069027, 0.061792610275433986, 0.37102396763940315, 0.005568727118632419, 0.28668814290388867, -0.050655156038793364, 0.28668814290388867, -0.4161103965595641, 0, 0, 0, 0, 0, 0, 0, 0, 0, 0, 0, 0]|1
[0, 1, 1, 1, 1, 1, 0.0779612019038997, -0.3267615367397393, 0.050979685994164, -0.05694637764417967, 0.15890574963250767, 0.023998170084428304, 0.4017393928183316, -0.0029833458247082796, 0.45570242463780297, 0.050979685994164, 0.3207948450897236, 0.050979685994164, 0.3477763609994593, -0.0029833458247082796, 0.2668318132708513, -0.05694637764417967, 0, 0, 0, 0, 0, 0, 0, 0, 0, 0, 0, 0]|0
[0, 1, 1, 1, 1, 1, -0.35009656434170083, -0.6222555397429554, -0.37731246188140327, -0.6222555397429554, 0.003710103680473979, -0.40452835942171006, -0.023505793859832775, -0.13236938402045548, 0.08535779630078992, -0.050721691400139525, 0.33030087416173776, -0.07793758893984197, 0.3847326692423513, -0.023505793859832775, 0.2486531815414218, -0.023505793859832775, 0, 0, 0, 0, 0, 0, 0, 0, 0, 0, 0, 0]|0
[0, 1, 1, 1, 1, 1, -0.14675468658083443, -0.47306041461025466, -0.3207844081965896, -0.5165678450139519, -0.2555232625908022, -0.47306041461025466, -0.27727697779240934, -0.47306041461025466, 0.02727503503492075, -0.29903069299449947, 0.005521319832830593, -0.081493540975047, 0.09253618064070819, -0.016232395369259564, 0.2883196174580705, -0.03798611057086669, 0, 0, 0, 0, 0, 0, 0, 0, 0, 0, 0, 0]|1
[0, 1, 1, 1, 1, 1, -0.14910259206804172, -0.2949390821615024, -0.12826880776884375, -0.44077557225496306, -0.2949390821615024, -0.4824431408528964, -0.23243772926437106, -0.44077557225496306, -0.25327151356310645, -0.44077557225496306, 0.038401466623814905, -0.2741052978623044, 0.01756768232461692, -0.0657674548717124, 0.10090281952094625, -0.0032661019745810612, 0, 0, 0, 0, 0, 0, 0, 0, 0, 0, 0, 0]|1
[0, 1, 1, 1, 1, 1, -0.05568793785408409, -0.24441214316296558, -0.1395653624359644, -0.2863508554541386, -0.11859600629037792, -0.4331363484723127, -0.2863508554541386, -0.4750750607630201, -0.22344278701784473, -0.4331363484723127, -0.24441214316296558, -0.4331363484723127, 0.049158842873382715, -0.2653814993085521, 0.028189486727796233, -0.05568793785408409, 0, 0, 0, 0, 0, 0, 0, 0, 0, 0, 0, 0]|1
[0, 1, 1, 1, 1, 1, -0.028502665287243156, -0.12994271620590786, -0.08936669583853207, -0.2719587874923988, -0.17051873657373412, -0.3125348078602251, -0.150230726389821, -0.45455087914671605, -0.3125348078602251, -0.49512689951409183, -0.25167077730893617, -0.45455087914671605, -0.2719587874923988, -0.45455087914671605, 0.01207335508058311, -0.29224679767631195, 0, 0, 0, 0, 0, 0, 0, 0, 0, 0, 0, 0]|2
[0, 1, 1, 1, 1, 1, 0.18772401433753963, -0.021729390680567524, 0.22580645161336693, -0.13597670250847224, -0.04077060931869258, -0.13597670250847224, -0.09789426523264493, -0.269265232974502, -0.17405913978472234, -0.3073476702507521, -0.1550179211465973, -0.44063620071678183, -0.3073476702507521, -0.47871863799260916, -0.25022401433679975, -0.44063620071678183, 0, 0, 0, 0, 0, 0, 0, 0, 0, 0, 0, 0]|1
[1, 1, 1, 1, 1, 1, 0.3783645655883776, 0.030834752981647666, 0.760647359456012, 0.3783645655883776, 0.8301533219770494, 0.16984667802449396, 0.34361158432747313, 0.16984667802449396, 0.2393526405455313, -0.07342419080029415, 0.10034071550268499, -0.14293015332210315, 0.13509369676358948, -0.3862010221468913, -0.14293015332210315, -0.4557069846679286, 0, 0, 0, 0, 0, 0, -1, -1, -1, 0, 0, 0]|0
[0, 1, 1, 1, 1, 1, -0.09343856290763079, -0.5140973022074633, 0.17875238605121366, -0.06869393118394962, 0.4509433350100581, 0.17875238605121366, 0.500432598456871, 0.03028459571022558, 0.1540077543275325, 0.03028459571022558, 0.07977385915703847, -0.14292782635444368, -0.019204667737136742, -0.192417089801806, 0.005539963986544418, -0.36562951186647524, 0, 0, 0, 0, 0, 0, 0, -1, 0, 0, 0, 0]|0
[0, 1, 1, 1, 1, 1, -0.48645710082853694, -0.5603274599471489, -0.06785839915603809, -0.48645710082853694, 0.2029995842792369, -0.04323494611631852, 0.4738575677145119, 0.2029995842792369, 0.5231044737934043, 0.055258866042012994, 0.17837613123951732, 0.055258866042012994, 0.10450577212090538, -0.11710530523493047, 0.006011959962573863, -0.1663522113143696, 0, 0, 0, 0, 0, 0, 0, 0, -1, 0, 0, 0]|0
[0, 1, 1, 1, 1, 1, -0.11160151324098225, -0.5, -0.5, -0.6827757584750109, -0.4314590905719977, -0.5, -0.04306060381297998, -0.4314590905719977, 0.20825606409003322, -0.020213634003476786, 0.45957273199304643, 0.20825606409003322, 0.5052666716115455, 0.07117424523402868, 0.18540909428053004, 0.07117424523402868, 0, 0, 0, 0, 0, 0, 0, 0, 0, 0, -1, 0]|1
[0, 1, 1, 0, 1, 1, -0.1787371485761626, -0.3989172959695451, -0.03862250932586868, -0.37890091893366185, -0.37890091893366185, -0.539031935219839, -0.3188517878264565, -0.37890091893366185, 0.021426621781336648, -0.3188517878264565, 0.24160676917471915, 0.041442998817219905, 0.46178691656810167, 0.24160676917471915, 0.5018196706394237, 0.1215085069603085, 0, 0, 0, 0, 0, 0, 0, 0, 0, 0, 0, -1]|1
[0, 1, 0, 0, 1, 1, -0.2844924459978721, -0.3806342864275878, -0.18835060556858338, -0.39986265451361636, -0.05375202896723758, -0.3806342864275878, -0.3806342864275878, -0.5344612311149621, -0.3229491821699292, -0.3806342864275878, 0.003933075290421053, -0.3229491821699292, 0.215445124235454, 0.023161443376449584, 0.426957173180487, 0.215445124235454, 0, 0, 0, 0, 0, 0, 0, 0, 0, 0, 0, 0]|2
[1, 1, 0, 0, 1, 1, 0.13463819691570114, -0.3436536180305266, -0.24400948991652632, -0.3436536180305266, -0.14436536180296858, -0.36358244365341513, -0.0048635824436337235, -0.3436536180305266, -0.3436536180305266, -0.50308422301275, -0.28386714116230344, -0.3436536180305266, 0.054922894424589426, -0.28386714116230344, 0.274139976275036, 0.07485172004747798, 0, -1, 0, 0, 0, 0, 0, 0, 0, 0, 0, 0]|1
[0, 1, 0, 0, 1, 1, 0.01888844936731023, -0.4597507911391767, 0.0624011075949531, -0.4597507911391767, -0.35096914556934494, -0.4597507911391767, -0.24218749999999623, -0.4815071202532397, -0.08989319620252156, -0.4597507911391767, -0.4597507911391767, -0.6338014240507144, -0.3944818037974709, -0.4597507911391767, -0.024624208860815722, -0.3944818037974709, 0, 0, 0, 0, 0, 0, 0, 0, 0, 0, 0, 0]|1
[0, 1, 0, 0, 1, 1, -0.4648659083485586, -0.5513498262602051, 0.010795640165257187, -0.4648659083485586, 0.054037599120840406, -0.4648659083485586, -0.35676101095888046, -0.4648659083485586, -0.24865611356968237, -0.4864868878265903, -0.09730925722442098, -0.4648659083485586, -0.4648659083485586, -0.6378337441718517, -0.4000029699149438, -0.4648659083485586, 0, 0, 0, 0, 0, 0, 0, 0, 0, 0, 0, 0]|0
[0, 1, 0, 0, 1, 1, -0.4627608867620668, -0.639950915766644, -0.4627608867620668, -0.5513559012643554, 0.02451169300027464, -0.4627608867620668, 0.06880920025117304, -0.4627608867620668, -0.3520171186340831, -0.4627608867620668, -0.24127335050659116, -0.48490964038776185, -0.08623207512770906, -0.4627608867620668, -0.4627608867620668, -0.639950915766644, 0, 0, 0, 0, -1, 0, 0, 0, 0, 0, 0, 0]|0
[1, 1, 0, 0, 1, 1, -0.422882826052436, -0.506781264784518, -0.38093360668662785, -0.5487304841507918, -0.38093360668662785, -0.46483204541870987, 0.08050780633959012, -0.38093360668662785, 0.12245702570539825, -0.38093360668662785, -0.27606055827140896, -0.38093360668662785, -0.1711875098566558, -0.4019082163697648, -0.024365242075628773, -0.38093360668662785, 0, 0, 0, 0, 0, -1, 0, 0, 0, 0, 0, 0]|0
[0, 1, 0, 0, 1, 1, -0.4152832622099577, -0.4899194880705411, -0.37796514927945885, -0.45260137514004223, -0.3406470363493743, -0.4899194880705411, -0.3406470363493743, -0.4152832622099577, 0.06985220588362709, -0.3406470363493743, 0.10717031881371163, -0.3406470363493743, -0.2473517540235415, -0.3406470363493743, -0.15405647169812303, -0.3593060928146237, 0, 0, 0, 0, 0, 0, 0, 0, 0, 0, 0, 0]|0
[1, 1, 0, 0, 1, 1, -0.3710450018908614, -0.6705533845956715, -0.3710450018908614, -0.47088112945931615, -0.32112693810635695, -0.4209630656748117, -0.2712088743224067, -0.47088112945931615, -0.2712088743224067, -0.3710450018908614, 0.2778898273038173, -0.2712088743224067, 0.32780789108776753, -0.2712088743224067, -0.1464137148616997, -0.2712088743224067, 0, 0, 0, 0, 0, 0, -1, -1, 0, 0, 0, 0]|0
[1, 1, 0, 0, 1, 1, -0.6598399571487586, -0.7048337485901746, -0.4123741042229687, -0.7723244357517991, -0.2548958341790118, -0.5248585828255097, -0.2548958341790118, -0.3448834170613443, -0.2099020427375958, -0.29988962561992827, -0.16490825129667933, -0.3448834170613443, -0.16490825129667933, -0.2548958341790118, 0.3300234545558995, -0.16490825129667933, 0, 0, 0, 0, 0, 0, 0, 0, -1, -1, 0, 0]|0
[1, 1, 0, 0, 1, 1, -0.37899135652566623, -0.39542110150754645, -0.362561611543786, -0.39542110150754645, -0.18183441674456297, -0.44471033645282226, -0.06682620187213113, -0.2639831416532344, -0.06682620187213113, -0.13254518179928715, -0.03396671190837071, -0.09968569183552674, -0.0011072219449751058, -0.13254518179928715, -0.0011072219449751058, -0.06682620187213113, 0, 0, 0, 0, 0, 0, 0, 0, 0, -1, -1, 0]|1
[1, 1, 0, 0, 1, 1, -0.3845801197339076, -0.42017690523654533, -0.3845801197339076, -0.42017690523654533, -0.34898333423126987, -0.42017690523654533, 0.04258130629458325, -0.526967261743668, 0.2917588048114664, -0.13540262121702445, 0.2917588048114664, 0.14937166280170597, 0.3629523758167418, 0.22056523380698137, 0.4341459468212268, 0.14937166280170597, 0, 0, -1, 0, -1, 0, 0, 0, -1, -1, -1, -1]|1
[1, 1, 0, 0, 1, 1, 0.003082614058793788, -0.18927250308180432, -0.09309494451150527, -0.18927250308180432, -0.09309494451150527, -0.18927250308180432, 0.003082614058793788, -0.18927250308180432, 1.0610357583235412, -0.47780517879056594, 1.7342786683113633, 0.580147965476317, 1.7342786683113633, 1.3495684340323029, 1.9266337854519615, 1.5419235511729008, -1, -1, -1, -1, -1, -1, -1, -1, -1, -1, -1, -1]|0
[1, 1, 0, 0, 1, 1, -0.029761183172468942, -1.0335192144483802, 0.07061461995579082, -0.1301369863007287, -0.029761183172468942, -0.1301369863007287, -0.029761183172468942, -0.1301369863007287, 0.07061461995579082, -0.1301369863007287, 1.1747484543577331, -0.4312643956832792, 1.8773790762510938, 0.6728694387208918, 1.8773790762510938, 1.4758758637402836, -1, -1, -1, -1, -1, -1, -1, -1, -1, -1, -1, -1]|0
[1, 1, 0, 0, 0, 0, 5.606315900111807, 2.901303114174192, 5.00520194768345, 1.6990752093108046, 2.6007461379566763, 0.7974042806649327, 2.901303114174192, 1.3985182330932895, 5.906872876329322, 2.901303114174192, 6.207429852546838, 5.606315900111807, 5.906872876329322, 5.606315900111807, 5.906872876329322, 5.606315900111807, -1, -1, -1, -1, -1, -1, -1, -1, -1, -1, -1, -1]|3
[1, 1, 0, 0, 0, 0, 1.0589703178388463, 0.10073548726024661, 1.6179406356759196, 0.9791174152901864, 1.218676122934393, 0.5000000000017731, 1.0589703178388463, 0.18058838980890654, 0.4201470974531132, -0.05897031783530012, 0.5000000000017731, 0.10073548726024661, 1.298529025483053, 0.5000000000017731, 1.3783819280317129, 1.218676122934393, -1, -1, -1, -1, -1, -1, -1, -1, -1, -1, -1, -1]|1
[1, 1, 0, 0, 0, 0, -0.10341840859296605, -0.2604804249915727, 0.6295376679346399, 0.0012896023390508683, 0.9960157061984429, 0.5771836624680502, 0.7342456788666568, 0.2630596296708369, 0.6295376679346399, 0.05364360780564058, 0.2107056242042472, -0.10341840859296605, 0.2630596296708369, 0.0012896023390508683, 0.7865996843332466, 0.2630596296708369, -1, -1, -1, -1, -1, -1, -1, -1, -1, -1, -1, -1]|0
[1, 1, 0, 0, 0, 0, -2.388211690404227, -5.309958494774362, -0.10782394065134848, -0.32161029219043363, 0.8898456998654372, 0.03470029370751417, 1.38868052012383, 0.8185835826852146, 1.0323699342242998, 0.39101087960704434, 0.8898456998654372, 0.10596241088773667, 0.3197487624268218, -0.10782394065134848, 0.39101087960704434, 0.03470029370751417, 0, -1, -1, -1, -1, -1, -1, -1, -1, -1, -1, -1]|0
[1, 1, 0, 0, 0, 0, -3.837950600794726, -4.7231308411137505, -2.067590120156677, -4.859312416548376, 0.11131508678373879, -0.09295727636668898, 1.0645861148200764, 0.24749666221685335, 1.5412216288382452, 0.9964953271027631, 1.200767690253191, 0.5879506008019075, 1.0645861148200764, 0.31558744993416654, 0.5198598130845944, 0.11131508678373879, 0, -1, -1, -1, -1, -1, -1, -1, -1, -1, -1, -1]|0
[1, 1, 0, 0, 0, 0, 0.20440177923668537, -0.2727432010762835, -0.2159402272293934, -0.3636279592309546, 0.07943523677372892, -0.3863491487698115, 0.44297426939316986, 0.40889248508513665, 0.6020225961641594, 0.46569545893177455, 0.6815467595496543, 0.590662001394731, 0.6247437857027641, 0.5224984327786647, 0.6020225961641594, 0.477056053701203, 0, 0, -1, -1, -1, -1, -1, -1, -1, -1, -1, -1]|1
[1, 1, 0, 0, 0, 0, 0.15142728389543866, -0.06845115153724592, 0.16364275253067823, -0.3494069301461283, -0.2883295869702017, -0.447130679227231, 0.029272597543856818, -0.4715616164977101, 0.4201675938690815, 0.38352118796363405, 0.5911841547613503, 0.4445985311392893, 0.6766924352074847, 0.5789686861261107, 0.6156150920315582, 0.5056758743152159, -1, 0, 0, -1, -1, -1, -1, -1, -1, -1, -1, -1]|2
[1, 1, 0, 0, 0, 0, 0.2673856677083222, 0.20406391192022919, 0.3433717746538089, 0.07742040034432432, 0.29271437002339074, 0.06475604918693068, 0.30537872118106557, -0.2265240274379036, -0.16320227164981055, -0.32783883669845876, 0.16607085844748584, -0.3531675390138085, 0.5713300954905501, 0.5333370420178069, 0.7486310116968732, 0.5966587978056186, -1, -1, -1, -1, -1, -1, -1, -1, -1, -1, -1, -1]|2
[1, 1, 0, 0, 0, 0, 0.3006471039958613, 0.08973140242327306, 0.3006471039958613, 0.2504290798118161, 0.36090873301653703, 0.14999303144394885, 0.3207343136693455, 0.1399494266073182, 0.3307779185061992, -0.09105348463897728, -0.04083546045493212, -0.1714023233331373, 0.22029826530147825, -0.19148953300684457, 0.5416936200787874, 0.5115628055684495, -1, -1, -1, -1, -1, -1, -1, -1, -1, -1, -1, -1]|1
[1, 1, 0, 0, 0, 0, 0.10365042910654662, -0.16034086788353813, 0.2762601232924233, 0.06303638341571233, 0.2762601232924233, 0.22549256617882404, 0.337181191828562, 0.12395745195185104, 0.2965671461377277, 0.11380394052931156, 0.30672065756049266, -0.11972682219292928, -0.06895926507933005, -0.20095491357437242, 0.1950320319107547, -0.2212619364199023, -1, -1, -1, -1, -1, -1, -1, -1, -1, -1, -1, -1]|2
[1, 1, 0, 0, 0, 0, 0.0848506151140814, -0.18087873462224532, 0.1291388400702342, -0.10115992970120963, 0.279718804920839, 0.0937082601053513, 0.279718804920839, 0.23543057996468622, 0.33286467486806504, 0.1468541300525773, 0.2974340949031821, 0.1379964850615041, 0.306291739894452, -0.0657293497365234, -0.021441124780370614, -0.1365905096660925, 0, 0, -1, -1, -1, -1, -1, -1, -1, -1, -1, -1]|2
[1, 1, 0, 0, 0, 0, 0.31650106239477993, 0.06778607513467155, 0.13999365208108566, -0.1006982710738062, 0.18010897260699005, -0.028490694127213938, 0.31650106239477993, 0.1480167161863022, 0.31650106239477993, 0.27638574186887555, 0.3646394470257227, 0.19615510081724494, 0.3325471906050348, 0.18813203671220657, 0.3405702547102513, 0.0036015622932957948, 0, 0, -1, -1, -1, -1, -1, -1, -1, -1, -1, -1]|2
[1, 1, 0, 0, 0, 0, 0.3620212029192265, 0.17332587501995472, 0.34561291353675244, 0.09128442810721994, 0.1651217303286266, -0.08100261040957776, 0.20614245378508508, -0.007165308187988938, 0.34561291353675244, 0.17332587501995472, 0.34561291353675244, 0.304592190080294, 0.39483778168435685, 0.22255074316755916, 0.3620212029192265, 0.2143465984764132, 0, 0, 0, -1, -1, -1, -1, -1, -1, -1, -1, -1]|2
[1, 1, 0, 0, 0, 0, 0.5470746469398853, 0.41593813046360256, 0.4865501008738225, 0.2545393409546243, 0.46637525218528425, 0.15366509751148494, 0.2444519166102432, -0.058170813719174944, 0.29488903833192487, 0.032616005379807286, 0.46637525218528425, 0.2545393409546243, 0.46637525218528425, 0.41593813046360256, 0.5268997982511231, 0.3150638870204632, 0, 0, 0, 0, -1, -1, -1, -1, -1, -1, -1, -1]|3
[1, 1, 0, 0, 0, 0, 0.6786544171024733, 0.6555866232913777, 0.6786544171024733, 0.5287137573311201, 0.6094510356694426, 0.3441714068436357, 0.5863832418586031, 0.22883243778892587, 0.3326375099380879, -0.013379397226041544, 0.3903069944655708, 0.09042567492337655, 0.5863832418586031, 0.3441714068436357, 0.5863832418586031, 0.5287137573311201, -1, 0, -1, 0, 0, -1, -1, -1, -1, -1, -1, -1]|3
[1, 1, 0, 0, 0, 0, 0.5985718058630459, 0.5351868029173903, 0.5351868029173903, 0.5193405521808444, 0.5351868029173903, 0.43218617313036994, 0.48764805070792866, 0.3054161672388827, 0.4718017999715587, 0.22618491355668116, 0.29749304187060976, 0.05979928082400516, 0.3371086687117985, 0.1311074091381097, 0.4718017999715587, 0.3054161672388827, 0, 0, 0, 0, 0, 0, -1, -1, -1, -1, -1, -1]|2
[1, 1, 0, 0, 0, 0, 0.594285204084151, 0.4514288342593578, 0.594285204084151, 0.5371426561543289, 0.5371426561543289, 0.5228570191717544, 0.5371426561543289, 0.44428601576807053, 0.49428574520676405, 0.33000091990826774, 0.48000010822434813, 0.25857273499587113, 0.32285810141698046, 0.1085735466797907, 0.35857219387325806, 0.17285891310105866, 0, 0, 0, 0, 0, 0, 0, -1, -1, -1, -1, -1]|3
[1, 1, 0, 0, 0, 0, 0.5025535499320208, 0.45294172268459476, 0.5521653771793092, 0.4281358090608817, 0.5521653771793092, 0.5025535499320208, 0.5025535499320208, 0.4901505931200955, 0.5025535499320208, 0.42193433065491903, 0.4653446794963825, 0.32271067616020455, 0.45294172268459476, 0.26069589210099076, 0.31650919775424186, 0.1304648455766005, 0, 0, 0, 0, 0, 0, 0, 0, -1, -1, -1, -1]|3
[1, 1, 0, 0, 0, 0, 0.5262666067580276, 0.46408272302763426, 0.47364947437083704, 0.4353824689982383, 0.5119164797433297, 0.41624896631193886, 0.5119164797433297, 0.47364947437083704, 0.47364947437083704, 0.46408272302763426, 0.47364947437083704, 0.4114655906403375, 0.4449492203413349, 0.33493157989524613, 0.4353824689982383, 0.2870978231795508, 0, 0, 0, 0, 0, 0, 0, 0, 0, -1, -1, -1]|3
[1, 1, 0, 0, 0, 0, 0.6664732076905594, 0.5262420820005251, 0.5592376409862647, 0.45200207428215317, 0.46849985377520614, 0.4025087358033606, 0.5344909717468684, 0.3695131768174379, 0.5344909717468684, 0.46849985377520614, 0.46849985377520614, 0.45200207428215317, 0.46849985377520614, 0.3612642870709114, 0.4190065152962304, 0.22928205112740357, 0, 0, 0, 0, 0, 0, 0, 0, 0, 0, -1, -1]|3
[0, 0, 0, 0, 0, 0, 0.08969414893661506, -0.337566489361944, -0.337566489361944, -0.8123005319162498, -0.24261968085150448, -0.8123005319162498, 0.27958776595854823, -0.05272606382957129, 0.23211436170280142, -0.005252659573824469, 0.1846409574481087, 0.13716755319236187, 0.23211436170280142, 0.08969414893661506, 0.37453457446898775, -0.2900930851061972, 0, 0, 0, 1, 1, 1, 1, 1, 1, 1, 1, 1]|0
[0, 0, 0, 0, 0, 0, -1.2577747491022044, -1.596766199975683, -0.3537975467725096, -1.3142733242482023, -0.18430182133577017, -0.6927889976459883, -0.6927889976459883, -1.2577747491022044, -0.5797918473552469, -1.2577747491022044, 0.04169247924696716, -0.3537975467725096, -0.014806095899030806, -0.2972989716265116, -0.07130467104377425, -0.1278032461897722, 0, 0, 0, 1, 1, 1, 1, 1, 1, 1, 1, 1]|0
[0, 0, 0, 0, 0, 0, -0.750467006614259, -0.9503963245321568, -0.65050234765531, -0.8504316655732079, -0.11735749987400243, -0.683823900641873, -0.01739284091505349, -0.3172868177919003, -0.3172868177919003, -0.65050234765531, -0.2506437118195143, -0.65050234765531, 0.1158933710304584, -0.11735749987400243, 0.08257181804389545, -0.08403594688743948, 0, 0, 0, 0, 0, 0, 1, 1, 1, 1, 1, 1]|0
[0, 0, 0, 0, 0, 0, -0.5394563941593963, -0.6350281291738329, -0.6350281291738329, -0.7497142111917511, -0.5203420471563391, -0.6350281291738329, -0.4629990061475923, -0.577685088165086, -0.15716945410080094, -0.4821133531506494, -0.09982641309205408, -0.27185553611829466, -0.27185553611829466, -0.4629990061475923, -0.23362684211260487, -0.4629990061475923, 0, 0, 0, 0, 0, 0, 0, 0, 0, 1, 1, 0]|0
[0, 0, 0, 0, 0, 0, -0.345564684583931, -0.416028408299389, -0.3631806155128933, -0.4512602701569224, -0.4512602701569224, -0.5569558557303049, -0.345564684583931, -0.4512602701569224, -0.2927168917974353, -0.39841247737042673, -0.010861996935994614, -0.3103328227263976, 0.04198579585050108, -0.116557582508986, -0.116557582508986, -0.2927168917974353, 0, 0, 0, 0, 0, 0, 0, 0, 0, 0, 0, 1]|1
[0, 0, 0, 0, 0, 0, -0.2988852862019726, -0.5312232889005382, -0.4418625186316454, -0.5133511348466803, -0.45973467268550333, -0.5490954429539993, -0.5490954429539993, -0.6563283672767499, -0.4418625186316454, -0.5490954429539993, -0.3882460564704685, -0.4954789807928223, -0.10229159161072598, -0.4061182105243264, -0.04867512944954907, -0.20952451593307983, 0, 0, 0, 0, 0, 0, 0, 0, 0, 0, 0, 1]|1
[0, 0, 0, 0, 0, 0, -0.08239055969335865, -0.28115866880370644, -0.3010354797148736, -0.5594340215582816, -0.460049967002887, -0.5395572106471144, -0.4799267779140542, -0.5793108324690074, -0.5793108324690074, -0.6985716979355692, -0.460049967002887, -0.5793108324690074, -0.4004195342698268, -0.5196803997359472, -0.08239055969335865, -0.42029634518099396, 0, 0, 0, 0, 0, 0, 0, 0, 0, 0, 0, 0]|1
[0, 0, 0, 0, 0, 0, 0.09760593509662419, -0.02664876428005461, 0.07275499522117806, -0.17575440353162772, -0.20060534340707384, -0.5236675617856662, -0.3994128624089874, -0.4988166219102201, -0.4242638022844335, -0.5485185016605605, -0.5485185016605605, -0.6976241409126854, -0.3994128624089874, -0.5485185016605605, -0.32486004278320085, -0.47396568203477396, 0, 0, 0, 0, 0, 0, 0, 0, 0, 0, 0, 0]|1
[1, 0, 0, 0, 0, 0, 0.3944099378873113, 0.29503105590026135, 0.3944099378873113, 0.3944099378873113, 0.6428571428565912, 0.3944099378873113, 0.5931677018625146, 0.09627329192505808, 0.04658385093098144, -0.5993788819876016, -0.35093167701832173, -0.549689440993525, -0.40062111801239836, -0.6490683229805749, -0.6490683229805749, -0.9472049689439315, 1, 0, 0, -1, 0, 0, -1, -1, -1, -1, -1, 0]|2
[1, 0, 0, 1, 0, 0, 0.012315270936857197, -0.16850188351057938, 0.5547667342791669, 0.4342219646479886, 0.5547667342791669, 0.5547667342791669, 0.8561286583591201, 0.5547667342791669, 0.7958562735428618, 0.19313242538429376, 0.13286004056803546, -0.6506809620379691, -0.34931903795801594, -0.5904085772217108, -0.40959142277427424, -0.7109533468528891, 1, 1, 1, 0, -1, 0, 0, -1, -1, -1, -1, -1]|1
[1, 1, 1, 1, 0, 0, 0.3416227366493211, 0.06108182443305375, 0.29486591794626377, 0.06108182443305375, 0.20135228054118742, 0.06108182443305375, 0.6221636488655884, 0.528650011460512, 0.6221636488655884, 0.6221636488655884, 0.8559477423798366, 0.6221636488655884, 0.8091909236767794, 0.3416227366493211, 0.29486591794626377, -0.31297272518932817, 0, 0, 0, 0, 0, 0, -1, -1, 0, -1, -1, -1]|3
[1, 1, 1, 1, 0, 0, 0.73757157730335, 0.4533446121814232, 0.41781624154088653, 0.2046460176992442, 0.3822878709003498, 0.2046460176992442, 0.3112311296200654, 0.2046460176992442, 0.6309864653825288, 0.5599297241022444, 0.6309864653825288, 0.6309864653825288, 0.8086283185844233, 0.6309864653825288, 0.7730999479438867, 0.41781624154088653, 0, 0, 0, 0, 0, 0, 0, -1, -1, 0, -1, -1]|3
[1, 1, 1, 1, 0, 0, 0.73539861118662, 0.609436399849629, 0.6850137266515999, 0.4834741885131976, 0.45828174624568757, 0.30712709264174604, 0.4330893039781775, 0.30712709264174604, 0.3827044194437168, 0.30712709264174604, 0.609436399849629, 0.5590515153151684, 0.609436399849629, 0.609436399849629, 0.73539861118662, 0.609436399849629, -1, 0, 0, 0, 0, 0, 0, 0, -1, -1, 0, -1]|2
[1, 1, 1, 1, 0, 0, 0.5950835489672864, 0.3077277312399573, 0.6392921363102544, 0.5287706679533251, 0.5950835489672864, 0.4182491995968866, 0.3961449059254026, 0.26351914389748, 0.37404061225391855, 0.26351914389748, 0.32983202491144126, 0.26351914389748, 0.5287706679533251, 0.4845620806108479, 0.5287706679533251, 0.5287706679533251, -1, -1, 0, 0, 0, 0, 0, 0, 0, -1, 0, 0]|2
[1, 0, 1, 1, 0, 0, 1.6899558416252114, -0.6208741860639391, 0.026158221688940934, -0.8057405882781681, 0.4883242272255396, -0.7133073871720798, 0.673190629441821, 0.2110246239031699, 0.4883242272255396, -0.25114138163342875, -0.34357458274156943, -0.8981737893863088, -0.4360077838497101, -0.8981737893863088, -0.6208741860639391, -0.8981737893863088, 0, 0, 0, 0, 1, 1, 1, 1, 1, 1, 1, -1]|1
[1, 0, 1, 1, 0, 0, 1.6894419827709393, -0.19833586577497353, 1.6894419827709393, -0.557912598831623, 0.07134668401701459, -0.7377009653589498, 0.5208176003363294, -0.6478067820962844, 0.7006059668656522, 0.2511350505443413, 0.5208176003363294, -0.19833586577497353, -0.2882300490396349, -0.8275951486236112, -0.3781242323042963, -0.8275951486236112, 1, 0, 0, 0, 0, 1, 1, 1, 1, 1, 1, 1]|0
[0, 0, 1, 1, 0, 0, -0.5408917168945644, -0.7431279254503314, 0.4702893258824737, -0.37910275005013055, 0.4702893258824737, -0.5408917168945644, -0.2577610249170297, -0.6217862003163324, -0.05552481636216093, -0.5813389586058975, 0.025369667060505065, -0.1768665414952618, -0.05552481636216093, -0.37910275005013055, -0.41954999176146357, -0.6622334420276653, 1, 1, 0, 0, 0, 0, 1, 1, 1, 1, 1, 1]|0
[0, 0, 1, 1, 0, 0, -0.4405908735495534, -0.7945220587356481, -0.054484126074333374, -0.7301709341566829, -0.3762397489705882, -0.5371175604190729, 0.4281493082704061, -0.2475374998119434, 0.4281493082704061, -0.3762397489705882, -0.1510108129431384, -0.4405908735495534, 0.009866998504631819, -0.408415311260428, 0.07421812308431146, -0.08665968836417319, 0, 0, 0, 0, 0, 0, 0, 0, 0, 1, 1, 1]|0
[0, 0, 1, 1, 0, 0, -0.7619966799206973, -1.0700691039646033, -0.45392425587747526, -0.7928039223252247, -0.08423734702588245, -0.731189437516854, -0.3923097710691045, -0.5463459830910575, 0.3778712890392926, -0.26908080145167884, 0.3778712890392926, -0.3923097710691045, -0.17665907423878066, -0.45392425587747526, -0.02262286221751168, -0.4231170134736319, 0, 0, 0, 0, 0, 0, 0, 0, 0, 0, 1, 1]|0
[0, 1, 1, 1, 0, 0, -0.23276170060737117, -0.3858163629866571, -0.2837799214004665, -0.3347981421935618, -0.2667738478026422, -0.4878528045728478, -0.3007859949979132, -0.4708467309754011, -0.13072525902080293, -0.3177920685957375, 0.07334762415157836, -0.2837799214004665, -0.09671311182553191, -0.18174347981427585, 0.3284387281174326, -0.02868881743461228, 0, 0, 0, 0, 0, 0, 0, 0, 0, 0, 0, 0]|1
[0, 1, 0, 1, 0, 0, -0.44092391528668645, -0.5063163109437547, -0.4245758163723286, -0.4736201131154021, -0.4736201131154021, -0.5063163109437547, -0.37553151962961817, -0.45727201420104424, -0.39187961854397596, -0.5063163109437547, -0.3591834207156233, -0.5063163109437547, -0.4082277174583338, -0.45727201420104424, -0.39187961854397596, -0.6044049044291756, 1, 0, 0, 0, 0, 0, 0, 0, 0, 0, 0, 0]|1
[1, 1, 0, 0, 0, 0, -0.25227765726660756, -0.4084598698481526, -0.2835140997830553, -0.4084598698481526, -0.25227765726660756, -0.34598698481595075, -0.34598698481595075, -0.4084598698481526, -0.158568329717958, -0.314750542299503, -0.18980477223440573, -0.4084598698481526, -0.12733188720220387, -0.4084598698481526, -0.22104121475085345, -0.314750542299503, 0, 1, 0, 0, 0, 0, -1, 0, 0, 0, 0, 0]|1
[1, 1, 0, 0, 0, 0, 1.14294631710471, 0.6127756970460801, 1.14294631710471, 0.9157303370798232, 0.9157303370798232, 0.5370370370372239, 0.839991677070967, 0.5370370370372239, 0.9157303370798232, 0.6885143570532546, 0.6885143570532546, 0.5370370370372239, 1.14294631710471, 0.7642530170621108, 1.067207657095854, 0.5370370370372239, -1, -1, -1, 0, -1, -1, -1, -1, -1, -1, -1, -1]|3
[1, 1, 0, 0, 0, 0, -0.22164281865548338, -0.2804825480453352, -0.06473687361558829, -0.20202957552538764, -0.06473687361558829, -0.12357660300544007, -0.12357660300544007, -0.22164281865548338, -0.14318984613553584, -0.22164281865548338, -0.12357660300544007, -0.18241633239572738, -0.18241633239572738, -0.22164281865548338, -0.06473687361558829, -0.1628030892656316, 0, 0, 0, 0, 0, 0, 0, 0, 0, -1, 0, 0]|1
[1, 1, 0, 0, 0, 0, -0.0491248541444933, -0.21901983663825625, 0.12077012835304206, -0.3889148191357916, 1.4799299883257802, 0.29066511085057745, 1.4799299883257802, 0.9702450408369464, 0.9702450408369464, 0.12077012835304206, 0.8003500583394111, 0.12077012835304206, 0.9702450408369464, 0.46056009334434034, 0.46056009334434034, 0.12077012835304206, -1, -1, -1, -1, -1, 1, -1, -1, -1, -1, -1, -1]|0
[1, 1, 0, 0, 0, 0, -0.9081368340290706, -1.0180007077428403, -0.24895359173425569, -1.0180007077428403, 0.3003657768419108, -0.24895359173425569, 1.2891406402804741, 0.7398212717043077, 1.1792767665667045, 1.1792767665667045, 1.728596135142871, 1.1792767665667045, 1.728596135142871, 1.6187322614291013, 1.8384600088590801, 1.5088683877128923, -1, -1, -1, -1, -1, -1, -1, -1, -1, -1, -1, -1]|2
[1, 1, 0, 0, 0, 0, 0.8356572549606915, -0.6072132980346636, -0.5110219278363972, -0.6072132980346636, 0.06612629336388075, -0.6072132980346636, 0.5470831443616205, 0.06612629336388075, 1.4128054761588336, 0.9318486251610939, 1.3166141059605672, 1.3166141059605672, 1.797570956958307, 1.3166141059605672, 1.797570956958307, 1.7013795867600405, -1, -1, -1, -1, -1, -1, -1, -1, -1, -1, -1, -1]|0
[1, 1, 0, 0, 0, 0, -0.33708672557866487, -0.3697266434763692, -0.010687546596548279, -0.33708672557866487, 0.1198721249964433, -0.3697266434763692, -0.33708672557866487, -0.3697266434763692, -0.1412472181888151, -0.3697266434763692, 0.021952371301880803, -0.1412472181888151, 0.31571163238556826, 0.15251204289487238, 0.28307171448786395, 0.28307171448786395, 0, 0, 0, -1, -1, -1, -1, -1, -1, -1, -1, -1]|1
[1, 1, 0, 0, 0, 0, 0.11370087584598515, -0.18821627529435428, -0.12783284506709086, -0.18821627529435428, 0.47600145721492876, -0.12783284506709086, 0.7175351781280047, -0.18821627529435428, -0.12783284506709086, -0.18821627529435428, 0.23446773630319354, -0.18821627529435428, 0.536384887443533, 0.23446773630319354, 1.0798357594969483, 0.777918608356609, -1, -1, -1, -1, -1, -1, -1, -1, -1, -1, -1, -1]|3
[1, 1, 0, 0, 0, 0, -0.07409415475501688, -0.15244717398052882, -0.2046825201312567, -0.33527088550691664, -0.30915321243213256, -0.33527088550691664, -0.04797648168023286, -0.30915321243213256, 0.05649421062064302, -0.33527088550691664, -0.30915321243213256, -0.33527088550691664, -0.15244717398052882, -0.33527088550691664, -0.021858808604868905, -0.15244717398052882, 0, 0, 0, 0, 0, 0, -1, 0, 0, 0, 0, 0]|1
[1, 1, 0, 0, 0, 0, 2.166857798169061, 0.5980504587136073, 1.7746559633059231, 1.3824541284427856, 1.1209862385320917, 0.4673165137611633, 0.5980504587136073, 0.4673165137611633, 1.9053899082583672, 0.5980504587136073, 2.4283256880768516, 0.4673165137611633, 0.5980504587136073, 0.4673165137611633, 1.3824541284427856, 0.4673165137611633, -1, -1, -1, -1, -1, -1, -1, -1, -1, -1, -1, -1]|3
[1, 1, 0, 0, 0, 0, 0.7368206073862751, 0.5372773178292322, 0.936363896943318, 0.1381907387136695, 0.7368206073862751, 0.5372773178292322, 0.4042484581235523, 0.07167630886230646, 0.1381907387136695, 0.07167630886230646, 0.8033350372376381, 0.1381907387136695, 1.069392756647521, 0.07167630886230646, 0.1381907387136695, 0.07167630886230646, 0, -1, -1, -1, -1, -1, -1, -1, -1, -1, -1, -1]|3
[1, 1, 0, 0, 0, 0, 0.76253259924664, 0.4785569400174164, 0.6002607939726693, 0.4785569400174164, 0.721964647927922, 0.23514923210600996, 0.6002607939726693, 0.4785569400174164, 0.3974210373799807, 0.19458128078819287, 0.23514923210600996, 0.19458128078819287, 0.6408287452904863, 0.23514923210600996, 0.8031005505644571, 0.19458128078819287, 0, 0, -1, -1, -1, -1, -1, -1, -1, -1, -1, -1]|3
[1, 1, 0, 0, 0, 0, 1.1086029479931294, 0.6353059659351991, 0.7141887962786253, 0.5958645507643616, 0.6353059659351991, 0.5958645507643616, 0.5958645507643616, 0.31977464456412114, 0.4380988900783848, 0.31977464456412114, 0.5564231355926484, 0.083126153534718, 0.4380988900783848, 0.31977464456412114, 0.24089181422069483, 0.04368473836388063, 0, 0, -1, 0, 0, 0, -1, -1, -1, -1, -1, -1]|3
[1, 1, 0, 0, 0, 0, 0.7956456485349194, 0.7298397183046421, 0.7956456485349194, 0.5324219276133235, 0.5762925477671664, 0.5104866175368892, 0.5324219276133235, 0.5104866175368892, 0.5104866175368892, 0.3569394469994134, 0.4227453772296906, 0.3569394469994134, 0.4885513074599678, 0.22532758653837198, 0.4227453772296906, 0.3569394469994134, 0, 0, 0, 0, 0, 0, 0, -1, -1, -1, -1, -1]|3
[1, 1, 0, 0, 0, 0, 0.23703281913227275, 0.1210787866235419, 0.4109638678950472, 0.1210787866235419, 0.4979293922764344, 0.46894088414973445, 0.5559064085311217, 0.46894088414973445, 0.5559064085311217, 0.20804431100492912, 0.26602132725961636, 0.17905580287822917, 0.20804431100492912, 0.17905580287822917, 0.17905580287822917, -0.023863754011888897, 0, 0, 0, 0, 0, 0, 0, 0, 0, 0, 0, 0]|1
[1, 0, 0, 0, 0, 0, -0.15172806684329, -0.15172806684329, -0.033232054690442915, -0.6849601215343907, -0.2702240789974526, -0.862704139764319, -0.033232054690442915, -0.2702240789974526, 0.32225598176941384, -0.2702240789974526, 0.4999999999993422, 0.44075199392357645, 0.6184960121535048, 0.44075199392357645, 0.6184960121535048, -0.09248006076752423, 0, 0, 0, 0, 1, 1, 1, 1, 1, 0, 1, 1]|1
[0, 0, 0, 0, 0, 0, -0.04991806760946275, -0.09820355647198999, -0.09820355647198999, -0.09820355647198999, -0.0016325787458633583, -0.5327729562422402, -0.19477453419918878, -0.6776294228319663, -0.0016325787458633583, -0.19477453419918878, 0.2880803544335887, -0.19477453419918878, 0.4329368210233147, 0.38465133216078745, 0.5295077987505135, 0.38465133216078745, 0, 0, 0, 0, 0, 0, 0, 1, 1, 1, 0, 1]|1
[0, 0, 0, 0, 0, 0, -0.6080366858383099, -1.111689724854933, -0.3282294419393577, -0.552075237058271, -0.2722679931605614, -0.3282294419393577, -0.3282294419393577, -0.3282294419393577, -0.2163065443805224, -0.8318824809572232, -0.44015233949943566, -0.9997668272960974, -0.2163065443805224, -0.44015233949943566, 0.11946214829722618, -0.44015233949943566, 0, 0, 0, 0, 0, 0, 1, 1, 1, 1, 1, 1]|0
[0, 0, 0, 0, 0, 0, -0.21498029172317168, -0.2898117209230507, -0.21498029172317168, -0.4020588647232846, -0.2898117209230507, -0.6265531523237524, -0.10273314792210696, -0.25239600632269577, -0.06531743332258286, -0.10273314792210696, -0.10273314792210696, -0.10273314792210696, -0.027901718722227957, -0.4394745793236395, -0.17756457712281676, -0.5517217231238734, 0, 0, 0, 0, 0, 0, 0, 0, 0, 0, 0, 0]|0
[1, 1, 0, 0, 0, 0, -0.11904761905305687, -0.11904761905305687, 2.166666666679355, -0.11904761905305687, -0.11904761905305687, -0.11904761905305687, 1.0238095238004608, -0.11904761905305687, 1.0238095238004608, -0.11904761905305687, 9.023809523901967, 1.0238095238004608, 12.452380952513273, 10.166666666780861, 12.452380952513273, 6.738095238169555, -1, -1, -1, -1, -1, -1, -1, -1, -1, -1, -1, -1]|1
[1, 1, 0, 0, 0, 0, 0.4661016949160558, 0.06315957787089435, 0.4661016949160558, -0.2246562200177763, 0.5812280140712685, 0.4085385353378104, 0.17828589702610698, -0.05196674128431828, -0.05196674128431828, -0.05196674128431828, -0.05196674128431828, -0.05196674128431828, 0.06315957787089435, -0.05196674128431828, -0.05196674128431828, -0.05196674128431828, 0, 0, 0, -1, -1, 0, -1, -1, -1, -1, 0, -1]|2
[1, 1, 0, 0, 0, 0, 0.6182795698918659, -0.15053763440854567, 0.5591397849452764, 0.1451612903217758, 0.5591397849452764, -0.15053763440854567, 0.6774193548371423, 0.49999999999868683, 0.26344086021364177, 0.026881720429909845, 0.026881720429909845, 0.026881720429909845, 0.026881720429909845, 0.026881720429909845, 0.1451612903217758, 0.026881720429909845, 0, 0, 0, 0, -1, -1, 0, -1, -1, -1, -1, 0]|2
[1, 1, 0, 0, 0, 0, 0.8564154786176121, 0.8564154786176121, 0.8564154786176121, 0.46759859285467104, 0.5453619700076046, 0.0010183299405231551, 0.0010183299405231551, 0.0010183299405231551, 0.31207183855053067, -0.6210886872794918, 0.6231253471605381, -0.38779855582069117, 0.5453619700076046, 0.0010183299405231551, 0.5453619700076046, -0.38779855582069117, -1, 0, 0, 0, 0, 0, 0, 0, 0, -1, -1, 0]|3
[1, 1, 0, 0, 0, 0, 0.7397648429657752, 0.7397648429657752, 0.6733488692350312, 0.6733488692350312, 0.6733488692350312, 0.3412690005827865, 0.4076849743135304, -0.057226841798727474, -0.057226841798727474, -0.057226841798727474, 0.2084370531227734, -0.5885546316417293, 0.4741009480442743, -0.38930671044949755, 0.4076849743135304, -0.057226841798727474, 0, 0, 0, 0, 0, 0, 0, 0, 0, 0, 0, 0]|3
[1, 1, 0, 0, 0, 0, 0.912298866835863, 0.45671858721087827, 0.5868843813902711, 0.5868843813902711, 0.5218014843005747, 0.5218014843005747, 0.5218014843005747, 0.19638699885353772, 0.26146989594323417, -0.1941103836817506, -0.1941103836817506, -0.1941103836817506, 0.06622120467558999, -0.7147735603964317, 0.32655279303293056, -0.5195248691273424, 0, 0, 0, 0, 0, 0, 0, 0, 0, 0, 0, 0]|3
[0, 0, 0, 0, 0, 0, -0.5612244897954005, -0.8469387755114988, -0.3707482993201163, -0.5612244897954005, -0.3707482993201163, -0.5612244897954005, 0.20068027210785092, -1.037414965986783, 0.20068027210785092, 0.010204081632566746, 0.581632653060534, -0.08503401360613269, 0.10544217687126618, 0.10544217687126618, 0.010204081632566746, 0.010204081632566746, 0, 0, 1, 1, 1, 0, 1, 0, 1, 1, 1, 1]|0
[0, 0, 0, 0, 0, 0, -0.3330191366126852, -0.5986261239860069, -0.3330191366126852, -0.46582263030008325, -0.3330191366126852, -0.5322243771437822, -0.20021564292676158, -0.3330191366126852, -0.20021564292676158, -0.3330191366126852, 0.19819483813248373, -0.6650278708297059, 0.19819483813248373, 0.0653913444465601, 0.4638018255058054, -0.001010402397138925, 0, 0, 0, 0, 1, 0, 1, 0, 1, 0, 1, 1]|0
[1, 0, 0, 0, 0, 0, -0.5969976905328745, -0.7047729022326118, -0.7047729022326118, -0.7047729022326118, -0.2736720554288766, -0.7047729022326118, 0.4807544264812496, -0.16589684372674626, 0.04965357967751444, -0.3814472671286139, 0.04965357967751444, -0.16589684372674626, 0.04965357967751444, -0.2736720554288766, 0.265204003079382, 0.04965357967751444, 0, 0, -1, -1, -1, -1, -1, 0, 0, 0, 0, 0]|0
[1, 1, 0, 0, 0, 0, -0.5, -0.8758389261758829, -0.40604026845759406, -0.5, -0.5, -0.5, -0.12416107382620346, -0.5, 0.53355704698107, -0.030201342281711167, 0.15771812080727343, -0.21812080536860945, 0.15771812080727343, -0.030201342281711167, 0.15771812080727343, -0.12416107382620346, 0, 0, 0, -1, -1, -1, -1, -1, 0, 0, 0, 0]|0
[1, 1, 0, 0, 0, 0, -0.48837432375427864, -0.6648697387110156, -0.48837432375427864, -0.7354679046932402, -0.13538349384158838, -0.7354679046932402, -0.10008441085086801, -0.13538349384158838, 0.21760733607110186, 0.07641100410586901, 0.25290641906182226, 0.21760733607110186, 0.21760733607110186, 0.21760733607110186, 0.3588036680355509, 0.21760733607110186, 0, 0, 0, 0, -1, 0, 0, -1, -1, -1, -1, -1]|0
[1, 1, 0, 0, 0, 0, -0.1174576048387731, -0.20855790719154557, -0.16300775601465364, -0.16300775601465364, 0.019192848691902742, -0.20855790719154557, 0.019192848691902742, -0.29965820954431804, 0.47469436045778796, -0.29965820954431804, 0.5202445116336685, 0.47469436045778796, 0.9301958722236732, 0.7479952675171168, 0.9757460233995537, 0.9301958722236732, -1, -1, -1, -1, -1, -1, -1, -1, -1, -1, -1, -1]|2
[1, 1, 0, 0, 0, 0, 0.5366313582004577, -0.09959749477171358, 0.7487076425251427, 0.07006353268690423, 0.07006353268690423, -0.014766981042404674, 0.02764827582272068, 0.02764827582272068, 0.19730930328228027, -0.014766981042404674, 0.19730930328228027, -0.09959749477171358, 0.6214618719307085, -0.09959749477171358, 0.6638771287948919, 0.6214618719307085, -1, -1, -1, -1, -1, -1, -1, -1, -1, -1, -1, -1]|1
[1, 1, 0, 0, 0, 0, 0.08347516136225595, 0.004864969011646722, 0.5944414116433978, 0.004864969011646722, 0.79096689252123, 0.1620853537128652, 0.1620853537128652, 0.08347516136225595, 0.12278025753799694, 0.12278025753799694, 0.28000064224008814, 0.08347516136225595, 0.28000064224008814, 0.004864969011646722, 0.6730516039948798, 0.004864969011646722, -1, -1, -1, -1, -1, -1, -1, -1, -1, -1, -1, -1]|2
