[0, 0, 1, 1, 1, 1, -1.8188274500860466, -2.735642411090412, -1.3604199695787749, -2.735642411090412, 2.536043614707589, -3.1940498915976834, -1.5896237098324109, -2.5064386708418653, -2.0480311903345934, -2.277234930588229, 0.473209952440134, -4.798476073362957, -3.1940498915976834, -3.4232536318462303, -4.56927233310932, -4.798476073362957, 1, 1, 1, 1, 1, 1, 1, 1, 1, 1, 1, 1]|0
[0, 0, 1, 1, 1, 1, 0.4104779521543694, -0.8082089312267059, 0.6770657078939532, -0.4273692801702784, 0.5628138125771095, -0.960544791649446, 0.33431002194257653, 0.2581420917316293, 0.33431002194257653, 0.18197416152068205, 0.4104779521543694, 0.18197416152068205, 1.0579053589503806, 0.10580623130888916, 0.37239398704847293, 0.22005812662573285, 0, 0, 0, 0, 0, 0, 1, 0, 0, 0, 0, 0]|2
[0, 0, 1, 1, 1, 1, 1.5838473223875749, -0.5186438857121617, 0.20914153247638134, -1.0846992109698175, 0.4921691951052093, -0.6803739786430487, 0.3708716254072684, -1.2464293039007046, 0.1282764860104889, 0.04741143954549427, 0.1282764860104889, -0.03345360691950038, 0.20914153247638134, -0.03345360691950038, 0.8964944274319782, -0.11431865338539282, 0, 0, 0, 0, 0, 0, 0, 1, 1, 1, 1, 0]|2
[0, 0, 1, 1, 1, 1, -0.3422818791946869, -0.4496644295297373, 0.7583892617446464, -0.4496644295297373, 0.060402684563838405, -0.8791946308723232, 0.7046979865771212, -0.6912751677850909, -0.20805369127497975, -1.0671140939595556, -0.020134228187747436, -0.7986577181207374, -0.10067114093933327, -1.174496644295202, -0.261744966443101, -0.3154362416106262, 0, 0, 0, 0, 0, 0, 0, 1, 1, 1, 1, 1]|2
[0, 0, 1, 1, 1, 1, 0.36473907669241296, -0.1715752136290821, -0.29075616703393226, -0.40993712043812086, 0.9308486053646243, -0.40993712043812086, 0.15617240823409054, -0.8866609340575217, 0.87125812866253, -0.6780942655991992, -0.14177997527770414, -1.095227602515844, 0.06678669318061828, -0.7972752190040494, -0.02259902187285396, -1.2144085559206943, 0, 0, 0, 0, 0, 0, 0, 0, 1, 1, 1, 1]|2
[0, 0, 1, 1, 1, 1, 0.4279608437890519, -0.009961395285102132, 0.2687163932165519, -0.44788363435925616, -0.6071280849317562, -0.7663725355033721, 1.025127533434822, -0.7663725355033721, -0.009961395285102132, -1.4033503377933723, 0.9455053081490139, -1.1246725492917182, -0.4080725217159102, -1.6820281262950263, -0.12939473321425615, -1.2839169998642181, 1, 1, 1, 1, 1, 1, 1, 1, 1, 1, 1, 1]|2
[0, 0, 1, 1, 1, 1, 0.5414671318824537, 0.14288753587759662, 0.5414671318824537, 0.2282974493071185, 0.427587247309547, -0.08487223326821658, -0.19875211784112318, -0.3126320024133976, 0.9685166990300632, -0.3126320024133976, 0.2282974493071185, -0.768151540705024, 0.9115767567439259, -0.5688617427025955, -0.05640226212483189, -0.9674413387074525, 0, 1, 0, 0, 0, 0, 0, 0, 0, 0, 0, 0]|2
[0, 0, 1, 1, 1, 1, 0.4120211006305507, -0.06506772765882265, 0.2475077115653377, 0.017188966873966486, 0.2475077115653377, 0.06654298359349385, 0.18170235593917947, -0.11442174437835001, -0.18022710000450826, -0.2460324556303012, 0.49427779516297454, -0.2460324556303012, 0.06654298359349385, -0.5092538781349342, 0.461375117350078, -0.3940945057892486, 0, 0, 0, 0, 0, 0, 0, 0, 0, 0, 0, 0]|1
[0, 0, 1, 1, 1, 1, -0.21274994624801283, -0.24715115029000462, 0.010857880026270453, -0.33315416039555695, 0.2344657063001718, -0.26435175231119146, 0.06245968608944908, -0.17834874220563912, 0.06245968608944908, -0.1267469361424605, -0.006342721994916399, -0.3159535583743701, -0.38475596645873555, -0.45355837454271913, 0.3204687164053422, -0.45355837454271913, 0, 0, 0, 0, 1, 0, 0, 0, 0, 0, 0, 0]|1
[0, 0, 1, 1, 1, 1, -0.02046169989485697, -0.3226652675760423, -0.2387198321092742, -0.2722980062959069, -0.02046169989485697, -0.3562434417630478, 0.19779643231918745, -0.28908709338940963, 0.029905561385278452, -0.2051416579222687, 0.029905561385278452, -0.1547743966421333, -0.03725078698835971, -0.33945435466954504, -0.4066107030431832, -0.4737670514164486, 0, 0, 0, 0, 0, 1, 0, 0, 0, 0, 0, 0]|1
[0, 0, 1, 1, 1, 1, -0.11913725906099382, -0.3084418166874448, 0.12695866585377075, -0.21378953787400914, -0.11913725906099382, -0.15699817058611587, 0.12695866585377075, -0.25165044939955156, 0.373054590768115, -0.1759286263488871, 0.183750033141664, -0.08127634753545142, 0.183750033141664, -0.024484980247558165, 0.10802821009099954, -0.23271999363678034, 0, 0, 0, 0, 0, 0, 1, 0, 0, 0, 0, 0]|0
[0, 0, 1, 1, 1, 1, -0.7634428754875734, -1.2247145769497814, -0.4921065805098394, -0.7634428754875734, -0.13936939703824305, -0.6277747279984052, -0.4921065805098394, -0.5463738395051452, -0.13936939703824305, -0.6820419869943134, 0.2133677864327508, -0.5735074690030993, -0.05796850854498313, -0.4378393215139311, -0.05796850854498313, -0.35643843302067124, 0, 1, 1, 1, 1, 1, 1, 1, 1, 1, 1, 1]|0
[0, 0, 1, 1, 1, 1, -0.5447119353415381, -0.8501890994260952, -0.29014763193805454, -0.5786538424622538, -0.12043809633560658, -0.29014763193805454, 0.10018429994791493, -0.20529286413664216, -0.12043809633560658, -0.15438000345594544, 0.10018429994791493, -0.23923477125735784, 0.3208066962310596, -0.1713509570163033, 0.15109716062861164, -0.08649618921489088, 0, 0, 0, 0, 0, 0, 0, 0, 1, 0, 0, 0]|0
[0, 0, 1, 1, 1, 1, -0.9328974223694821, -1.1992400867551762, -0.7046037100387063, -1.047044278534659, -0.41923656962576444, -0.7426526620940468, -0.22899180935032906, -0.41923656962576444, 0.01832637900811711, -0.32411418948783555, -0.22899180935032906, -0.2670407614052472, 0.01832637900811711, -0.3621631415431761, 0.26564456736614084, -0.28606523743291745, 0, 0, 0, 0, 0, 0, 0, 0, 1, 1, 0, 0]|0
[0, 0, 1, 1, 1, 1, -0.7182139123575548, -0.7636630049180476, -0.5970163321963526, -0.8091120974788769, -0.41521996195404476, -0.6879145173173383, -0.1879744991515804, -0.4455193569945976, -0.03647752394982538, -0.1879744991515804, 0.1604685438127589, -0.1122260115505347, -0.03647752394982538, -0.06677691899004183, 0.1604685438127589, -0.14252540659108753, 0, 0, 0, 0, 0, 0, 0, 0, 0, 0, 0, 0]|1
[0, 1, 1, 1, 1, 1, -0.27086229533535766, -0.5236040315105962, -0.47765098856957416, -0.5121157707752769, -0.38574490268778516, -0.5465805529812348, -0.24788577386471908, -0.4546744670991907, -0.07556186283620532, -0.27086229533535766, 0.03932074451622222, -0.07556186283620532, 0.1886681340746076, -0.018120559159864005, 0.03932074451622222, 0.016344223045838747, 0, 0, 0, 0, 0, 0, 0, 0, 0, 0, 0, 0]|1
[0, 1, 1, 1, 1, 1, -0.24983459531000765, -0.44104241711398906, -0.2723296331694465, -0.5197750496215255, -0.47478497390289753, -0.5085275306918061, -0.3848048224658914, -0.5422700874809643, -0.24983459531000765, -0.4522899360437085, -0.08112181136546509, -0.2723296331694465, 0.031353377930979864, -0.08112181136546509, 0.17757112401658307, -0.02488421671711774, 0, 0, 0, 0, 0, 0, 0, 0, 0, 0, 0, 0]|1
[0, 1, 1, 1, 1, 1, -0.13934351075059717, -0.22296337046734838, -0.24386833539642014, -0.4215605372943424, -0.264773300325724, -0.49472791454644166, -0.45291798468806604, -0.48427543208178975, -0.36929812497154696, -0.5156328794757455, -0.24386833539642014, -0.4320130197589943, -0.08708109842780172, -0.264773300325724, 0.01744372621802125, -0.08708109842780172, 0, 0, 0, 0, 0, 0, 0, 0, 0, 0, 0, 0]|1
[0, 1, 1, 1, 1, 1, -0.1523199402911658, -0.17865583850164724, -0.1435413075542737, -0.21377036944902078, -0.23132763492261008, -0.38056439144880144, -0.2488849003963943, -0.4420148206066564, -0.4069002896592829, -0.4332361878697643, -0.3366712277647307, -0.45957208608044064, -0.23132763492261008, -0.38934302418569355, -0.09964814387020295, -0.2488849003963943, 0, 0, 0, 0, 0, 0, 0, 0, 0, 0, 0, 0]|0
[1, 1, 1, 1, 1, 1, 0.02807468542829916, -0.5564199702339693, 0.041063455554217074, 0.002097145176751739, 0.054052225680134985, -0.049857935326631506, -0.07583547557817892, -0.29664456771734143, -0.10181301583001476, -0.38756595859819, -0.3356108780948068, -0.3745771884722721, -0.23170071708832868, -0.41354349885002584, -0.07583547557817892, -0.30963333784325936, 0, 0, 0, 0, 0, 0, 0, 0, 0, 0, 0, 0]|1
[1, 1, 1, 1, 1, 1, -0.2167160917748433, -0.5039019822072307, 0.033010769470735106, -0.5288746683316777, 0.0454971125330972, 0.008038083346288164, 0.057983455595459296, -0.04190728890288297, -0.06687997502732991, -0.27914780708609926, -0.09185266115205411, -0.3665522085220794, -0.3166068362729083, -0.35406586545971735, -0.2167160917748433, -0.3915248946468036, 0, 0, 0, 0, 0, 0, 0, 0, 0, 0, 0, 0]|1
[1, 1, 1, 1, 1, 1, -0.0071376330685823585, -0.48984207817513786, 0.02861825175396373, -0.0786494027140715, 0.5649565240945369, -0.45408619335259176, -0.042893517891525415, -0.45408619335259176, 0.31466533033552335, -0.48984207817513786, 0.33254327274699486, 0.27890944551297725, 0.3504212151584664, 0.2073976758674881, 0.171641791044942, -0.1322832299480891, 0, 0, 0, 0, 0, -1, -1, -1, -1, -1, -1, -1]|1
[1, 1, 1, 1, 1, 1, -0.060493624698032405, -0.07771309089431826, 0.042823172481594465, -0.42210241482538824, 0.07726210487454853, -0.026054692304696, 0.5938460907711535, -0.38766348243243415, 0.008384240088258058, -0.38766348243243415, 0.352773564019328, -0.42210241482538824, 0.3699930302159962, 0.318334631626374, 0.3872124964126644, 0.2494567668400835, 0, 0, 0, 0, 0, 0, -1, -1, -1, -1, -1, -1]|1
[1, 1, 1, 1, 1, 1, 0.29558652729441376, -0.3315911730540003, 0.15621370499436502, 0.13298490127812004, 0.29558652729441376, -0.3315911730540003, 0.3420441347274195, 0.20267131242788652, 1.0389082462256, -0.2851335656209946, 0.24912891986089225, -0.2851335656209946, 0.7137049941930126, -0.3315911730540003, 0.7369337979097734, 0.6672473867600069, -1, -1, 0, 0, 0, 0, 0, -1, -1, -1, -1, -1]|3
[1, 1, 0, 1, 1, 1, 0.5795836131631208, -0.16588314304891683, 0.37810611148420376, -0.16588314304891683, 0.25721961047649566, 0.23707186030891714, 0.37810611148420376, -0.16588314304891683, 0.41840161181980823, 0.2975151108125475, 1.0228341168565591, -0.12558764271331238, 0.337810611148152, -0.12558764271331238, 0.7407656145059859, -0.16588314304891683, -1, -1, -1, -1, 0, 0, 0, -1, -1, -1, -1, -1]|1
[1, 1, 0, 0, 1, 1, 0.9738394398620316, 0.2084452330713493, 0.9977580088244064, 0.11277095722238123, 0.7585723192022518, 0.11277095722238123, 0.6150609054285341, 0.5911423364666905, 0.7585723192022518, 0.11277095722238123, 0.8064094571264703, 0.6628980433532837, 1.523966525992934, 0.1606080951465997, 0.7107351812775022, 0.1606080951465997, 0, -1, -1, -1, -1, 0, -1, -1, -1, -1, -1, -1]|3
[1, 1, 0, 0, 1, 1, 0.18151614953439635, 0.11680244987555921, 0.47272779800060044, 0.45654937308571153, 0.47272779800060044, 0.18151614953439635, 0.6345120471484118, 0.11680244987555921, 0.6506904720633007, 0.052088750216362834, 0.48890622291548935, 0.052088750216362834, 0.39183567342651515, 0.3756572485119855, 0.48890622291548935, 0.052088750216362834, -1, -1, 0, 0, -1, -1, -1, -1, 0, 0, 0, -1]|2
[1, 0, 0, 0, 1, 1, -0.33358539696672074, -0.6034469153975539, -0.5134930759209424, -1.098193032521414, -0.42353923644333225, -0.6034469153975539, -0.3785623167055258, -0.5584699956587489, 0.43102223858797256, 0.38604531884916743, 0.43102223858797256, -0.3785623167055258, 0.8807914359730274, -0.5584699956587489, 0.9257683557118326, -0.7383776746129705, 1, 0, 0, -1, -1, 0, 1, -1, -1, -1, -1, 0]|0
[1, 1, 0, 0, 1, 1, -0.11605643913190992, -0.5152212758236697, 0.06817348549495124, -0.11605643913190992, -0.0546464642565168, -0.4538113009482766, 0.00676351061955811, -0.11605643913190992, 0.03746849805691378, -0.08535145169387247, 0.590158271938179, 0.5594532845001416, 0.590158271938179, 0.03746849805691378, 0.8972081463165082, -0.08535145169387247, -1, 0, 0, 0, -1, -1, 0, 0, -1, -1, -1, -1]|1
[1, 1, 0, 0, 1, 1, 0.4869112876159784, -0.5078308535632687, -0.19370175634849426, -0.5601857030987738, -0.11516948204494598, -0.4554760040271823, 0.0418950665621506, -0.11516948204494598, -0.06281463250944087, -0.40312115449167724, -0.010459782973354512, -0.11516948204494598, 0.015717641794107413, -0.0889920572769028, 0.4869112876159784, 0.4607338628479352, 0, 0, -1, 0, 0, 0, -1, -1, 0, 0, -1, -1]|2
[1, 1, 0, 0, 1, 1, 4.014261587554639, 3.4104897729536368, 7.636892475165125, -0.01088384312169093, 2.4042034152867884, -0.41339838618753644, 3.007975229887791, 0.3916306999486234, 4.215518859089797, 3.007975229887791, 3.4104897729536368, 0.7941452430144689, 3.813004316023951, 3.007975229887791, 4.014261587554639, 3.2092325014229486, -1, -1, -1, -1, -1, -1, -1, -1, -1, -1, -1, -1]|2
[1, 1, 0, 0, 1, 1, -0.2923293288819577, -0.3638311295712239, 0.029428774217358813, -0.32808022922659075, 0.3511868773166753, 0.24393417628356978, 0.994703083516102, -0.3638311295712239, 0.06517967456199192, -0.43533293025969627, 0.17243237559509741, -0.2923293288819577, 0.3869377776613084, 0.17243237559509741, 0.24393417628356978, -0.22082752819348528, 0, 0, -1, -1, 0, -1, 0, -1, -1, -1, -1, 0]|2
[1, 1, 0, 0, 1, 1, 0.32926871831542, -0.43968954775930974, -0.3542497404171461, -0.43968954775930974, 0.03022939261974446, -0.39696964408822794, 0.414708525656635, 0.2865488146443382, 1.1836667917313648, -0.43968954775930974, 0.07294929629082626, -0.5251293551005247, 0.20110900730312312, -0.3542497404171461, 0.4574284293277168, 0.20110900730312312, 0, 0, 0, -1, -1, 0, -1, 0, -1, -1, -1, -1]|3
[1, 1, 0, 0, 1, 1, 0.9853478618523354, 0.8982306852044818, 0.9417892735288922, 0.33196903699101554, 0.33196903699101554, -0.45208555284353547, -0.36496837619471467, -0.45208555284353547, 0.027058918722077236, -0.40852696451912507, 0.41908621363886916, 0.2884104486666052, 1.2031408034734201, -0.45208555284353547, 0.07061750704648763, -0.539202729491389, 0, 0, 0, 0, 0, -1, -1, 0, -1, 0, -1, -1]|3
[1, 1, 0, 0, 1, 1, 0.7328799249528244, 0.7328799249528244, 0.6343808630385559, 0.568714821763106, 0.6015478424011954, 0.14188555347085863, 0.14188555347085863, -0.4491088180111071, -0.3834427767349281, -0.4491088180111071, -0.08794559099430976, -0.4162757973730176, 0.20755159474630858, 0.10905253283276914, 0.7985459662282743, -0.4491088180111071, 0, 0, 0, 0, 0, 0, -1, -1, 0, -1, 0, -1]|3
[1, 1, 0, 0, 1, 1, 0.7496346097629085, 0.6882490499853732, 0.6882490499853732, 0.6882490499853732, 0.5961707103180478, 0.5347851505405125, 0.5654779304296209, 0.13577901198482895, 0.13577901198482895, -0.4166910260157152, -0.35530546623749837, -0.4166910260157152, -0.07907044723756704, -0.3859982461266068, 0.1971645717623643, 0.10508623209572052, 0, 0, 0, 0, 0, 0, 0, -1, -1, 0, -1, 0]|3
[1, 1, 0, 0, 1, 1, 0.9934202171261627, 0.6708463009620226, 0.617083981601631, 0.5633216622412394, 0.5633216622412394, 0.5633216622412394, 0.48267818319975675, 0.42891586383936514, 0.4557970235198594, 0.07946078799532769, 0.07946078799532769, -0.40440008625058405, -0.3506377668895956, -0.40440008625058405, -0.10870732976693816, -0.3775189265700898, 0, 0, 0, 0, 0, 0, 0, 0, -1, -1, 0, -1]|3
[1, 1, 0, 0, 1, 1, 0.8773151638748441, 0.7723263215956804, 1.0662950799767794, 0.6463397108610568, 0.7093330162283685, 0.45735979475865524, 0.4153642578472695, 0.37336872093588375, 0.37336872093588375, 0.37336872093588375, 0.3103754155681057, 0.26837987865672, 0.28937764711264596, -0.004591111268453091, -0.004591111268453091, -0.3825509434727899, 0, 0, 0, 0, 0, 0, 0, 0, 0, 0, 0, 0]|3
[0, 1, 0, 0, 1, 1, 0.36686290048678316, 0.3367485565490887, 0.472263104268045, 0.3969772444241432, 0.607777651986667, 0.3066342126117286, 0.3518057285179359, 0.1711196648927723, 0.1410053209554122, 0.1108909770180521, 0.1108909770180521, 0.1108909770180521, 0.06571946111151045, 0.035605117174150346, 0.050662289142997564, -0.16013811841952616, 0, 0, 0, 0, 0, 0, 0, 0, 0, 0, 0, 0]|3
[0, 1, 0, 0, 1, 1, 0.49551808771730854, 0.33939814320767947, 0.3677835876641476, 0.33939814320767947, 0.4671326432611556, 0.3961690321203005, 0.5948671433143166, 0.31101269875152654, 0.3535908654359135, 0.1832781986980504, 0.15489275424189747, 0.1265073097857445, 0.1265073097857445, 0.1265073097857445, 0.08392914310104238, 0.05554369864488943, 0, 0, 0, 0, 0, 0, 0, 0, 0, 0, 0, 0]|2
[0, 1, 0, 0, 1, 1, 0.38275520317131845, 0.3556987115956306, 0.4909811694746706, 0.3556987115956306, 0.47745292368667647, 0.3286422200196424, 0.3556987115956306, 0.3286422200196424, 0.4503964321109886, 0.38275520317131845, 0.5721506442020345, 0.30158572844395454, 0.3421704658076365, 0.1798315163526083, 0.15277502477692045, 0.1257185332012326, 0, 0, 0, 0, 0, 0, 0, 0, 0, 0, 0, 0]|2
[0, 0, 0, 0, 1, 1, 0.027629956518883076, -0.3695405282626847, -0.03856512427810612, -0.05511389447744529, -0.07166266467678445, -0.08821143487575615, -0.05511389447744529, -0.08821143487575615, 0.07727626711653311, -0.08821143487575615, 0.060727496917193945, -0.12130897527443449, -0.08821143487575615, -0.12130897527443449, 0.027629956518883076, -0.05511389447744529, 0, 0, 0, 0, 0, 0, 1, 1, 1, 1, 1, 1]|1
[0, 0, 0, 0, 1, 1, -0.12298603651993055, -0.1568206229860489, -0.1455424274972593, -0.1568206229860489, -0.010204081632535514, -0.28088077336173267, -0.05531686358744344, -0.06659505907623303, -0.07787325456502263, -0.08915145005356179, -0.06659505907623303, -0.08915145005356179, 0.023630504833582828, -0.08915145005356179, 0.012352309344793238, -0.11170784103114097, 0, 0, 0, 0, 0, 0, 0, 0, 0, 1, 1, 0]|1
[0, 0, 0, 1, 1, 1, -0.8576327853036498, -1.2513873091375096, -0.6935684003723892, -0.9232585392757169, -0.6935684003723892, -0.6935684003723892, -0.4310653844833922, -0.5295040154418571, -0.4966911384554593, -0.5295040154418571, -0.10293661462087095, -0.890445662289319, -0.23418812256573374, -0.2670009995521316, -0.2998138765385294, -0.3326267535241987, 0, 0, 0, 0, 0, 0, 0, 1, 1, 1, 1, 1]|0
[0, 0, 0, 1, 1, 1, -0.908814589665155, -1.2370820668687748, -0.6899696048633492, -1.0182370820663615, -0.5531914893616892, -0.7446808510636489, -0.5531914893616892, -0.5531914893616892, -0.33434650455988346, -0.41641337386063654, -0.38905775076018306, -0.41641337386063654, -0.06079027355656333, -0.7173252279631953, -0.1702127659577699, -0.1975683890582234, 0, 0, 0, 0, 0, 0, 0, 0, 1, 1, 1, 1]|0
[0, 0, 1, 1, 1, 1, -0.5080309823230489, -0.5173300144867748, -0.43363872501365425, -0.498731950159323, -0.43363872501365425, -0.5452271109777463, -0.359246467704466, -0.4708348536683516, -0.3127513068860427, -0.3778445320317114, -0.3127513068860427, -0.3127513068860427, -0.23835904957685444, -0.2662561460678258, -0.25695711390409987, -0.2662561460678258, 0, 0, 0, 0, 0, 0, 0, 0, 0, 0, 0, 0]|0
[0, 0, 1, 1, 1, 1, -0.5357077458334899, -0.5818531404501645, -0.5587804431418272, -0.5818531404501645, -0.37419886467615343, -0.5357077458334899, -0.37419886467615343, -0.651071232374664, -0.18961728621099205, -0.4664896539089903, -0.07425379966981792, -0.23576268082715432, -0.07425379966981792, -0.07425379966981792, 0.11032777879534347, 0.04110968687084391, 0, 0, 0, 0, 0, 0, 0, 0, 0, -1, 0, 0]|0
[1, 1, 0, 1, 0, 0, 0.7610059306579323, 0.6075501824826824, 0.30063868613104694, -0.36433622262874765, 0.8121578467155917, -0.31318430656995244, 0.8121578467155917, 0.7610059306579323, 0.9144616788331821, 0.8121578467155917, 0.9144616788331821, 0.8121578467155917, 0.8633097627743869, 0.8121578467155917, 1.272525091242477, 0.9144616788331821, -1, -1, -1, -1, -1, -1, -1, -1, -1, -1, -1, -1]|3
[1, 1, 0, 1, 0, 0, 1.0206788644245182, 0.9065574694826614, 0.9636181669542232, 0.7924360745408046, 0.45007188971270007, -0.29171717741253667, 1.0206788644245182, -0.23465647994097477, 1.0206788644245182, 0.9636181669542232, 1.1348002593676418, 1.0206788644245182, 1.1348002593676418, 1.0206788644245182, 1.0777395618960801, 1.0206788644245182, -1, -1, -1, -1, -1, -1, -1, -1, -1, -1, -1, -1]|0
[1, 1, 0, 1, 0, 0, 0.9038692922592261, -0.9563930286029864, 0.9038692922592261, 0.8084712245231097, 0.8561702583916975, 0.7130731567869933, 0.42687895357652605, -0.1932084867108781, 0.9038692922592261, -0.14550945284229033, 0.9038692922592261, 0.8561702583916975, 0.9992673599964016, 0.9038692922592261, 0.9992673599964016, 0.9038692922592261, -1, -1, -1, -1, -1, -1, -1, -1, -1, -1, -1, -1]|1
[1, 1, 0, 1, 0, 0, 0.17412748293048236, -1.8170222566977206, 0.6547498338754838, -0.6841267151849383, 0.6547498338754838, 0.5860894980265245, 0.6204196659513853, 0.5174291621775654, 0.3114481546291631, -0.13484402839097762, 0.6547498338754838, -0.10051386046611685, 0.6547498338754838, 0.6204196659513853, 0.7234101697252053, 0.6547498338754838, -1, -1, -1, -1, -1, -1, -1, -1, -1, -1, -1, -1]|2
[1, 1, 0, 1, 0, 0, 0.4323491462589847, -0.027590204413161606, 0.26289780653755446, -1.1411275797249565, 0.6018004859804149, -0.34228554960994984, 0.6018004859804149, 0.5533858174888081, 0.5775931517348802, 0.5049711489972012, 0.35972714352130564, 0.04503179832451741, 0.6018004859804149, 0.06923913257058958, 0.6018004859804149, 0.5775931517348802, -1, -1, -1, -1, -1, -1, -1, -1, -1, -1, -1, -1]|2
[1, 1, 0, 0, 0, 0, 0.8477318453994154, 0.1460643874426638, 0.48834119620199923, 0.1631782278807446, 0.36854431313619385, -0.6240584322656508, 0.6081380792678046, -0.05930169781278542, 0.6081380792678046, 0.5739103983920231, 0.5910242388301038, 0.5396827175162415, 0.4369996748881369, 0.2145197491946069, 0.6081380792678046, 0.23163358963268768, -1, -1, -1, -1, -1, -1, -1, -1, -1, -1, -1, -1]|3
[1, 1, 0, 0, 0, 0, 1.2943043455349124, 0.1283969488642884, 0.9056685466447043, 0.2128829921011107, 0.5508271650491502, 0.2297802007486252, 0.4325467045172989, -0.5474913970317907, 0.6691076255810016, 0.010116488332437024, 0.6691076255810016, 0.6353132082863477, 0.6522104169338623, 0.6015187909916938, 0.5001355391069818, 0.2804718266907936, 0, -1, -1, -1, -1, -1, -1, -1, -1, -1, -1, -1]|3
[1, 1, 0, 0, 0, 0, 0.9734431814127613, 0.47993003177135235, 0.9186083870080521, 0.16188822422481813, 0.6663683327469742, 0.21672301862928384, 0.4360621962476337, 0.22768997751027437, 0.3592934840811869, -0.2767901310118816, 0.5128309084140805, 0.08511951205837132, 0.5128309084140805, 0.49089699065234293, 0.5018639495333335, 0.46896307289060535, 0, 0, -1, -1, -1, -1, -1, -1, -1, -1, -1, -1]|3
[1, 1, 0, 0, 0, 0, 0.2946301961284024, 0.16620109762989194, 0.5429264532258395, 0.15763915772992787, 0.5001167537262093, -0.09065709936731918, 0.3031921360283665, -0.047847399867879045, 0.12339139813026169, -0.03928545996791498, 0.06345781883089342, -0.43313469536360066, 0.18332497742962994, -0.15059067866668743, 0.18332497742962994, 0.16620109762989194, 0, 0, 0, 0, 0, 0, 0, 0, 0, 0, 0, 0]|1
[0, 1, 1, 0, 0, 0, 0.38911873831651705, -0.189987948720386, 0.2859901502139246, 0.166995625480435, 0.5160462313656313, 0.15906265716481033, 0.4763813897876841, -0.07099342398672027, 0.2939231185295493, -0.03132858240894914, 0.12733078390248773, -0.02339561409332445, 0.0718000056934672, -0.388312156609594, 0.18286156211150825, -0.1265242021957408, 0, 0, 0, 0, 0, 0, 0, 0, 0, 0, 0, 0]|2
[1, 1, 1, 0, 0, 0, 0.33183087670271916, 0.27215668885350747, 0.5771580934163412, 0.033459937456366405, 0.4511792524012897, -0.0328447157094734, 0.36498320328556544, 0.2655262235368793, 0.557266697466604, 0.2588957582202512, 0.5241143708836105, 0.06661226403935992, 0.3716136686021936, 0.0997645906222062, 0.23237389695388583, 0.10639505593883436, 0, 0, 0, 0, 0, 0, 0, 0, 0, 0, 0, 0]|2
[0, 1, 1, 0, 0, 0, 0.2299779658542735, 0.2299779658542735, 0.2808837591768038, 0.2299779658542735, 0.4901631317251513, 0.026354792563901153, 0.38269534582198994, -0.030207200016729923, 0.3091647554670565, 0.2243217665961727, 0.47319453395097455, 0.21866556733807194, 0.4449135376605962, 0.054635788854279485, 0.3148209547251573, 0.08291678514453223, 0, 0, 0, 0, 0, 0, 0, 0, 0, 0, 0, 0]|2
[0, 1, 1, 0, 0, 0, 0.20969526701777866, 0.09956668707042546, 0.19501145635820763, 0.19501145635820763, 0.26108860432652176, 0.19501145635820763, 0.5327391015298082, -0.06929713551537485, 0.393242900263313, -0.14271618881355597, 0.2977981309755308, 0.18766955102834063, 0.5107133855403702, 0.1803276456984736, 0.4740038588911981, -0.032587608866202766, 0, 0, 0, 0, 0, 0, 0, 0, 0, 0, 0, 0]|2
[0, 1, 1, 0, 0, 0, 0.30346392973450215, 0.054080726339769965, 0.17877232803713605, 0.08033158985489755, 0.16564689627957224, 0.16564689627957224, 0.2247113391888279, 0.16564689627957224, 0.46753182670485105, -0.07061087535774184, 0.34284022500748496, -0.13623803414585225, 0.2575249185828103, 0.1590841804007175, 0.4478436790684325, 0.15252146452186274, 0, 0, 0, 0, 0, 0, 0, 0, 0, 0, 0, 0]|2
[0, 1, 0, 0, 0, 0, 0.09272452504312381, -0.01685479891446096, 0.2989914877867286, 0.05404946952871581, 0.17652047865772222, 0.07983283987155906, 0.16362879348630058, 0.16362879348630058, 0.2216413767579126, 0.16362879348630058, 0.46013755243028615, -0.06842153960043372, 0.33766654330127976, -0.13287996545782813, 0.25387058968653825, 0.1571829509005182, 0, 0, 0, 0, 0, 0, 0, 0, 0, 0, 0, 0]|1
[0, 1, 0, 0, 0, 0, 0.03671080616707909, -0.035470372043946846, 0.07881649345681083, -0.02344017567537574, 0.27129963535261287, 0.04272590435136465, 0.15701276985198875, 0.06678629708823973, 0.1449825734835512, 0.1449825734835512, 0.1991184571417205, 0.1449825734835512, 0.42167708995881675, -0.07156096114939303, 0.30739022445819264, -0.13171194299184785, 0, 0, 0, 0, 0, 0, 0, 0, 0, 0, 0, 0]|1
[0, 0, 0, 0, 0, 0, -0.34764207980648987, -0.3863361547763009, -0.2799274486093743, -0.3960096735188074, -0.21221281741225867, -0.37666263603379446, 0.09733978234579999, -0.2702539298668678, -0.08645707376053392, -0.2315598548972716, -0.10580411124533204, -0.10580411124533204, -0.018742442563418314, -0.10580411124533204, 0.33917775090695784, -0.4540507859734165, 0, 0, 0, 0, 0, 0, 0, 0, 0, 0, 0, 0]|1
[0, 0, 0, 0, 0, 0, -0.45210727969328124, -0.5287356321837761, -0.45210727969328124, -0.519157088122411, -0.4808429118771636, -0.519157088122411, -0.4137931034480338, -0.5287356321837761, -0.34674329501890405, -0.509578544061046, -0.040229885057350256, -0.40421455938666884, -0.22222222222200955, -0.3659003831416341, -0.2413793103445269, -0.2413793103445269, 0, 0, 1, 0, 0, 0, 0, 0, 0, 1, 0, 0]|1
[0, 0, 0, 0, 0, 0, -0.37891549598835983, -0.465233162214547, -0.45564231041159003, -0.5323691248348202, -0.45564231041159003, -0.5227782730318632, -0.4844148658202481, -0.5227782730318632, -0.4172789031999749, -0.5323691248348202, -0.35014294057970174, -0.5131874212289061, -0.043235682887206944, -0.4076880513970179, -0.22546186714211242, -0.3693246441856158, 0, 0, 0, 1, 0, 0, 0, 0, 0, 1, 1, 0]|0
[1, 0, 0, 0, 0, 0, -0.18974936829846248, -1.49767807143327, -0.18974936829846248, -0.3962644266885175, -0.3733183090895093, -0.5568872498805562, -0.3733183090895093, -0.5339411322815479, -0.4421566618860245, -0.5339411322815479, -0.2815338386939859, -0.5568872498805562, -0.12091101550194731, -0.5109950146825397, 0.613364747661221, -0.2585877210949777, 0, 0, 0, -1, 1, 0, 0, -1, 0, 0, 0, 1]|0
[1, 1, 0, 0, 0, 0, -0.2783665029727662, -0.3721187057968898, -0.33461782466732365, -0.4096195869268724, 0.640405084705977, -0.4283700274914473, 0.640405084705977, 0.47165111962188827, 0.4904015601868795, 0.3403980356677821, 0.4904015601868795, 0.35914847623277335, 0.4341502384923221, 0.35914847623277335, 0.5654033224464282, 0.3403980356677821, -1, -1, -1, -1, -1, -1, 0, -1, -1, -1, -1, -1]|1
[1, 1, 0, 0, 0, 0, -0.19134016063137263, -0.2989463431638089, -0.2343826336445383, -0.34198881617649673, -0.2989463431638089, -0.3850312891896624, 0.8201579551713304, -0.40655252569576733, 0.8201579551713304, 0.6264668266130405, 0.6479880631196234, 0.4758181710679165, 0.6479880631196234, 0.49733940757449935, 0.5834243536003528, 0.49733940757449935, 0, -1, -1, -1, -1, -1, -1, 0, -1, -1, -1, -1]|1
[1, 1, 0, 0, 0, 0, -0.14588186926111416, -0.34541592435242463, -0.19576538303366486, -0.3204741674658724, -0.24564889680676938, -0.37035768123842305, -0.3204741674658724, -0.4202411950115276, 0.9764971906265382, -0.44518295189752605, 0.9764971906265382, 0.7520213786486754, 0.7769631355352277, 0.5774290804439172, 0.7769631355352277, 0.6023708373304695, -1, -1, -1, -1, -1, -1, -1, -1, 0, -1, -1, -1]|1
[1, 1, 0, 0, 0, 0, -0.17425371203175313, -0.3527254254089024, -0.14450842646867476, -0.38247071097198077, -0.20399899759417103, -0.3527254254089024, -0.26348956872032775, -0.41221599653439867, -0.3527254254089024, -0.47170656766055546, 1.1940294238612659, -0.5014518532229734, 1.1940294238612659, 0.9263218537948815, 0.9560671393579598, 0.7181048548546538, -1, -1, -1, -1, -1, -1, -1, -1, -1, -1, -1, -1]|1
[1, 1, 0, 0, 0, 0, -0.3255079602420898, -0.43116369073705224, -0.14941507608407958, -0.3607265370740046, -0.11419649925216475, -0.3959451139059194, -0.18463365291521242, -0.3607265370740046, -0.2550708065790421, -0.43116369073705224, -0.3607265370740046, -0.5016008444008819, 1.470639458173837, -0.5368194212320148, 1.470639458173837, 1.1536722666881674, -1, -1, -1, -1, -1, -1, -1, -1, -1, -1, -1, -1]|2
[1, 0, 0, 0, 0, 0, 0.044466288016972326, -0.45005882728806273, -0.45005882728806273, -0.5984163618794635, -0.20279626963609423, -0.49951133881889564, -0.15334375810526132, -0.5489638503497286, -0.2522487811658291, -0.49951133881889564, -0.351153804227495, -0.5984163618794635, -0.49951133881889564, -0.6973213849411293, 2.0720192607679455, -0.7467738964708641, -1, -1, -1, -1, -1, -1, -1, -1, -1, -1, -1, -1]|3
[1, 1, 0, 0, 0, 0, 0.6672946266259157, -0.03969350137591886, 0.20503315831688454, -0.06688535245309828, -0.06688535245309828, -0.14846090568403272, 0.06907390293159124, -0.0940772035302777, 0.09626575400877065, -0.1212690546074571, 0.0418820518550156, -0.0940772035302777, -0.012501650299343225, -0.14846090568403272, -0.0940772035302777, -0.20284460783839156, 0, -1, -1, -1, -1, -1, -1, -1, -1, -1, -1, -1]|2
[1, 1, 0, 0, 0, 0, 1.8117605467803974, 0.7155550318160828, 2.100235682298064, 0.6001649776097849, 1.1194202215400473, 0.5424699505059953, 0.5424699505059953, 0.36938486919590785, 0.8309450860223808, 0.48477492340220585, 0.8886401131261703, 0.4270798962984163, 0.7732500589198724, 0.48477492340220585, 0.6578600047122933, 0.36938486919590785, 0, 0, -1, -1, -1, -1, -1, -1, -1, -1, -1, -1]|2
[1, 1, 0, 0, 0, 0, -0.006937873167447342, -0.485795573494943, 0.5824254503124844, -0.11744349631988343, 0.7666014889004232, -0.19111391175456818, 0.14040295770274008, -0.22794911947231952, -0.22794911947231952, -0.3384547426247556, -0.04377308088519868, -0.26478432719007083, -0.006937873167447342, -0.3016195349078222, -0.0806082886021321, -0.26478432719007083, 0, 0, 0, -1, -1, -1, -1, -1, -1, -1, -1, -1]|0
[1, 1, 0, 0, 0, 0, 0.16764270646391047, -0.2621296558674921, 0.2535971789300637, -0.1188722017568125, 0.7120210320830932, 0.16764270646391047, 0.8552784861937728, 0.11033972482002034, 0.36820314221848016, 0.0816882339977572, 0.0816882339977572, -0.00426623846839608, 0.22494568810780058, 0.05303674317549404, 0.2535971789300637, 0.024385252353230885, 0, 0, 0, 0, -1, -1, -1, -1, -1, -1, -1, -1]|1
[1, 1, 0, 0, 0, 0, -0.006451576486223558, -0.2530000112874596, 0.5277366989167586, -0.08863438808724383, 0.6510109163173766, 0.11682264091439444, 1.3084734091209766, 0.5277366989167586, 1.513930438122615, 0.44555388731665074, 0.8153765395185048, 0.40446248151614056, 0.40446248151614056, 0.28118826411552256, 0.6099195105168664, 0.36337107571563043, -1, 0, 0, 0, 0, -1, -1, -1, -1, -1, -1, -1]|1
[1, 1, 0, 0, 0, 0, -0.13679209994764943, -0.47194583676220175, -0.13679209994764943, -0.6395227051685477, 0.9524575446982503, -0.3043689683558558, 1.2038228473086994, 0.1145732026627997, 2.5444377945650483, 0.9524575446982503, 2.963379965583704, 0.7848806762919044, 1.5389765841232517, 0.7010922420878012, 0.7010922420878012, 0.44972693947735204, -1, -1, -1, -1, -1, -1, -1, -1, -1, -1, -1, -1]|1
[1, 1, 0, 0, 0, 0, 0.31512122950548127, 0.15497146652963206, 0.31512122950548127, 0.10158821220395388, 0.31512122950548127, -0.0051782964462171325, 1.0091035357345561, 0.20835472085412488, 1.1692532987104054, 0.4752709924813304, 2.0233853679153295, 1.0091035357345561, 2.290301639542535, 0.9023370270843851, 1.3827863160119327, 0.848953772758707, -1, -1, -1, -1, -1, -1, -1, -1, -1, -1, -1, -1]|1
[1, 1, 0, 0, 0, 0, 0.6540632054165004, -0.5197516930025331, 0.5073363431161575, 0.06715575620861262, 0.5073363431161575, -0.07957110609498831, 0.5073363431161575, -0.37302483069893216, 2.4147855530499376, 0.21388261850895557, 2.8549661399574826, 0.9475169300237023, 5.202595936798807, 2.4147855530499376, 5.936230248313554, 2.1213318284459937, -1, -1, -1, -1, -1, -1, -1, -1, -1, -1, -1, -1]|0
[1, 1, 0, 0, 0, 0, -0.12866330926709568, -2.0217523208533663, 0.060645591890690694, -0.6965900127425566, -0.03400885868715162, -0.31797221042488205, -0.03400885868715162, -0.41262666100482615, -0.03400885868715162, -0.6019355621626125, 1.1964989988437142, -0.22331775984703975, 1.4804623505814447, 0.24995449305057882, 2.994933559850041, 1.1964989988437142, -1, -1, -1, -1, -1, -1, -1, -1, -1, -1, -1, -1]|2
[1, 1, 0, 0, 0, 0, 0.9549763033174532, -2.457345971572128, 0.24407582938067685, -2.5995260663601147, 0.5284360189534932, -0.6090047393409292, 0.38625592416866356, -0.04028436019213948, 0.38625592416866356, -0.18246445498012617, 0.38625592416866356, -0.46682464455294254, 2.2345971563998623, 0.10189573459269018, 2.6611374407606654, 0.8127962085294665, -1, -1, -1, -1, -1, -1, -1, -1, -1, -1, -1, -1]|1
[1, 1, 0, 0, 0, 0, 1.3765506311830311, 0.5721350893516045, 1.5776545166425624, -0.8355921088561831, 1.074894802995967, -0.9361440515859487, 1.2759986884532655, 0.47158314662183887, 1.1754467457257327, 0.8737909175386686, 1.1754467457257327, 0.7732389748089029, 1.1754467457257327, 0.5721350893516045, 2.4826220012037545, 0.9743428602662014, -1, -1, -1, -1, -1, -1, -1, -1, -1, -1, -1, -1]|3
[1, 1, 0, 0, 0, 0, 0.5398522717504914, -0.25444473073970236, 0.7267456841013084, 0.352958859400712, 0.8201923902772355, -0.30116808382662846, 0.586575624838455, -0.34789143691459207, 0.6800223310133447, 0.3062355063127484, 0.6332989779264186, 0.4931289186635653, 0.6332989779264186, 0.4464055655756017, 0.6332989779264186, 0.352958859400712, -1, -1, -1, -1, -1, -1, -1, -1, -1, -1, -1, -1]|2
[1, 1, 0, 0, 0, 0, 0.6521098195332738, 0.5065350885425007, 0.6521098195332738, -0.17281365608182506, 0.8462094608546638, 0.4580101782129614, 0.9432592815158973, -0.22133856641136443, 0.7006347298638906, -0.26986347674198125, 0.7976845505240469, 0.4094852678823446, 0.7491596401945075, 0.6035849092037344, 0.7491596401945075, 0.5550599988731176, -1, -1, -1, -1, -1, -1, -1, -1, -1, -1, -1, -1]|0
[1, 1, 0, 0, 0, 0, 0.7282367120032904, -0.8579643752725943, 0.8339834511545465, 0.6753633424270754, 0.8339834511545465, -0.0648638316352389, 1.0454769294582327, 0.6224899728520344, 1.1512236686106627, -0.1177372012102799, 0.8868568207307616, -0.17061057078649494, 0.9926035598820175, 0.5696166032758194, 0.9397301903069766, 0.7811100815795055, -1, -1, -1, -1, -1, -1, -1, -1, -1, -1, -1, -1]|2
[1, 1, 0, 0, 0, 0, 0.4924968012020404, -0.25881687971413847, 0.5342364501420857, -0.42577547547339234, 0.7846743437805029, -0.4675151244125107, 0.8681536416596665, 0.7429346948404578, 0.8681536416596665, 0.15857960968353274, 1.0351122374189203, 0.7011950459013394, 1.1185915352990108, 0.11683996074441438, 0.9098932905997117, 0.07510031180436921, -1, -1, -1, -1, -1, -1, -1, -1, -1, -1, -1, -1]|1
[1, 1, 0, 0, 0, 0, 0.9473855003398075, 0.23885009135116994, 0.4277928670818229, 0.09714300955344245, 0.8529141124750054, 0.0026716216875915465, 0.9001498064079309, -0.1862711540430614, 1.183563970003386, -0.233506847974938, 1.278035357868188, 1.1363282760704605, 1.278035357868188, 0.4750285610136995, 1.466978133598841, 1.0890925821385837, -1, 0, -1, -1, -1, -1, -1, -1, -1, -1, -1, -1]|3
[1, 1, 0, 0, 0, 0, 1.3380374758095899, 1.1026336904702343, 1.008472176333656, 0.30226082031454415, 0.49058384858665577, 0.16101854911072183, 0.9143106621981228, 0.06685703497414333, 0.961391419266412, -0.12146599329796826, 1.2438759616740567, -0.1685467503652121, 1.3380374758095899, 1.1967952046057675, 1.3380374758095899, 0.5376646056538996, -1, -1, 0, -1, -1, -1, -1, -1, -1, -1, -1, -1]|3
[1, 1, 0, 0, 0, 0, 1.1656494479268655, 0.7661599067851808, 1.1656494479268655, 0.9659046773564667, 0.8860067691275975, 0.2867724574155137, 0.4465682738723651, 0.16692559507309698, 0.8061088608996153, 0.08702768684422779, 0.8460578150140499, -0.07276812961262355, 1.0857515396988835, -0.1127170837261711, 1.1656494479268655, 1.0458025855844488, -1, -1, -1, 0, -1, -1, -1, -1, -1, -1, -1, -1]|3
[1, 1, 0, 0, 0, 0, 0.7622498274672159, 0.4475500345067897, 0.6835748792271094, 0.42132505175989343, 0.6835748792271094, 0.5524499654937925, 0.5, 0.10662525879946722, 0.21152518978647006, 0.02795031055936066, 0.4475500345067897, -0.024499654934431916, 0.47377501725368604, -0.12939958592143477, 0.6311249137338991, -0.15562456866774874, -1, -1, -1, -1, 0, -1, -1, -1, -1, -1, -1, -1]|3
[1, 1, 0, 0, 0, 0, 0.9502497788753048, 0.829533704576982, 0.9301304331587688, 0.6283402474125148, 0.6283402474125148, 0.3869080988158691, 0.5679822102633534, 0.366788753099333, 0.5679822102633534, 0.4673854816815666, 0.42714679024849445, 0.1253566045026873, 0.2058339873683848, 0.06499856735352584, 0.3869080988158691, 0.024759875920453728, 0, 0, -1, -1, -1, -1, 0, 0, -1, -1, -1, -1]|1
[1, 1, 0, 0, 0, 0, 0.6274900398409412, -0.2808764940235315, 0.6912350597613234, 0.5956175298809271, 0.6752988047811395, 0.43625498007979474, 0.43625498007979474, 0.24501992031900213, 0.3884462151395966, 0.2290836653388181, 0.3884462151395966, 0.3087649402393843, 0.2768924302790163, 0.037848605578025475, 0.10159362549840764, -0.009960159362172684, 0, 0, 0, 0, 0, 0, 0, 0, 0, 0, 0, 0]|1
[1, 1, 0, 0, 0, 0, -0.2884479320768518, -0.45401042001685443, 0.4756866276450627, -0.2502412040907844, 0.5266289316265802, 0.45021547565444536, 0.5138933556311301, 0.32285971570051014, 0.32285971570051014, 0.17003280375624036, 0.2846529877144427, 0.15729722776079028, 0.2846529877144427, 0.22097510773775786, 0.19550395574685772, 0.00447031581652048, 0, 0, 0, 0, 0, 0, 0, 0, 0, 0, 0, 0]|1
[1, 1, 0, 0, 0, 0, -0.07255137311517725, -0.4185079955942367, -0.3354784061990535, -0.515375849888361, 0.49481748775032053, -0.29396361150161554, 0.5501705473470069, 0.46714095795213095, 0.5363322824477584, 0.32875830896026137, 0.32875830896026137, 0.16269913017050947, 0.28724351426282335, 0.14886086527126105, 0.28724351426282335, 0.21805218976719584, 0, 0, 0, 0, 0, 0, 0, 0, 0, 0, 0, 0]|0
[1, 1, 0, 0, 0, 0, -0.36807352745426175, -0.7324573727094859, -0.01670339095823534, -0.3420461099361553, -0.263963857381258, -0.4331420712499613, 0.5168586681654032, -0.22492273110395383, 0.5689135032019049, 0.49083125064729666, 0.5558997944427073, 0.3606941630558975, 0.3606941630558975, 0.20452965794668088, 0.32165303677859336, 0.19151594918748316, 0, 0, 0, 0, 0, 0, 0, 0, 0, 0, 0, 0]|0
[0, 1, 0, 0, 0, 0, -0.5709605879975598, -0.6265330425268396, -0.5598460970919013, -0.604304060715029, -0.28198382444599573, -0.5931895698093704, 0.018107430011473687, -0.2597548426344319, -0.19306789719924672, -0.3375562789752755, 0.47380155715063044, -0.15972442448177754, 0.518259520774005, 0.4515725753390666, 0.5071450298680996, 0.3404276662805069, 0, 0, 0, 0, 0, 0, 0, 0, 0, 0, 0, 0]|0
[0, 1, 0, 0, 0, 0, -0.4102692589600882, -0.5999621082944525, -0.4016468567175649, -0.44475886792999003, -0.39302445447523304, -0.4275140634449434, -0.17746439841349027, -0.41889166120261156, 0.055340462133107664, -0.1602195939286351, -0.10848518047368665, -0.2205764096259154, 0.40885895407426626, -0.08261797374630815, 0.44334856304416803, 0.39161414958941104, 0, 0, 0, 0, 0, 0, 0, 0, 0, 0, 0, 0]|0
[0, 1, 0, 0, 0, 0, -0.5268794624109681, -0.6612767744646894, -0.4008819823604762, -0.585678286434506, -0.3924821503570603, -0.4344813103739531, -0.38408231835383094, -0.4176816463671214, -0.17408651826973998, -0.40928181436389205, 0.052708945820996236, -0.15728685426309474, -0.10688786224278608, -0.21608567828663278, 0.3971020579588085, -0.081688366232725, 0, 0, 0, 0, 0, 0, 0, 0, 0, 0, 0, 0]|0
[0, 1, 0, 0, 0, 0, -0.4300413949262149, -0.5885450449916274, -0.44589175993286173, -0.5726946799851566, -0.32701402238371435, -0.5013680374557737, -0.31908883988039094, -0.35871475239683204, -0.3111636573772435, -0.3428643873901852, -0.11303409479538987, -0.33493920488703777, 0.10094583279293462, -0.09718372978891901, -0.04963263476915448, -0.152660007311831, 0, 0, 0, 0, 0, 0, 0, 0, 0, 0, 0, 0]|0
[0, 1, 0, 0, 0, 0, -0.37663755458523995, -0.46770378457080686, -0.3346069868996894, -0.4747088791849616, -0.34861717612830995, -0.4606986899564966, -0.24354075691427804, -0.3976528384281708, -0.23653566229996775, -0.27156113537136356, -0.22953056768581304, -0.25755094614274304, -0.054403202329145015, -0.2505458515285883, 0.13473435225598798, -0.04039301310068002, 0, 0, 0, 0, 0, 0, 0, 0, 0, 0, 0, 0]|1
[0, 1, 0, 0, 0, 0, -0.30657310357084916, -0.41117427607035933, -0.35233611653926694, -0.4373245691952732, -0.31311067685196875, -0.4438621424763928, -0.32618582341449825, -0.43078699591400843, -0.22812222419610761, -0.3719488363830612, -0.22158465091484286, -0.25427251732102146, -0.21504707763372327, -0.24119737075849196, -0.05160774560312063, -0.23465979747737237, 0, 0, 0, 0, 0, 0, 0, 0, 0, 0, 0, 0]|1
[0, 1, 0, 0, 0, 0, -0.3192871542107177, -0.3600694481091705, -0.305693056244617, -0.4144458399738749, -0.3532723991260447, -0.4416340359062271, -0.31249010522759185, -0.44843108488920197, -0.32608420319384346, -0.4348369869231013, -0.22412846844756043, -0.37366354607542207, -0.21733141946443466, -0.2513166643799126, -0.2105343704814598, -0.23772256641366107, 0, 0, 0, 0, 0, 0, 0, 0, 0, 0, 0, 0]|1
[0, 1, 0, 0, 0, 0, -0.16737126234671157, -0.27419900266621483, -0.2804829873909326, -0.3181868957389597, -0.2679150179416367, -0.36845877353642226, -0.311902911014242, -0.39359471243515354, -0.27419900266621483, -0.3998786971597317, -0.2867669721156503, -0.38731072771043584, -0.19250720124544285, -0.3307548651883951, -0.18622321652072515, -0.21764314014417413, 0, 0, 0, 0, 0, 0, 0, 0, 0, 0, 0, 0]|1
[1, 1, 0, 0, 0, 0, 0.05416131003801961, 0.04358995974606051, 0.06473266032997872, -0.11498029463215237, -0.12555164492411147, -0.18897974667539663, -0.104408944340428, -0.2735505490106, -0.17840839638343753, -0.31583595017820165, -0.11498029463215237, -0.32640730046992605, -0.13612299521607057, -0.30526459988624255, 0.022447259162377036, -0.21012244725931484, 0, 0, 0, 0, 0, -1, -1, -1, -1, -1, -1, -1]|1
[1, 1, 0, 0, 0, 0, 0.010829479367215832, -0.10585339711399704, 0.010829479367215832, 0.0024949881899334657, 0.0191639705444982, -0.12252237946837671, -0.13085687064565907, -0.18086381770898316, -0.1141878882912794, -0.24753974712687196, -0.17252932653170078, -0.28087771183581633, -0.12252237946837671, -0.28921220301291367, -0.13919136182294145, -0.272543220658534, 0, 0, 0, 0, 0, 0, 0, -1, -1, -1, -1, -1]|2
[1, 1, 0, 0, 0, 0, 0.040420183532130616, -0.09524384955699765, 0.024459709051129663, -0.08726361231640857, 0.024459709051129663, 0.01647947181054059, 0.03243994629171874, -0.10322408679740952, -0.1112043240379986, -0.15908574748117865, -0.09524384955699765, -0.22292764540553683, -0.15110551024058957, -0.25484859436771595, -0.10322408679740952, -0.2628288316081278, 0, 0, 0, 0, 0, 0, 0, 0, -1, -1, -1, -1]|2
[1, 1, 0, 0, 0, 0, 0.14607861655004917, 0.003368381288098731, 0.0176394048142304, -0.10366429515844333, 0.003368381288098731, -0.09652878339529827, 0.003368381288098731, -0.0037671304750463235, 0.010503893051243786, -0.11079980692142993, -0.11793531868457499, -0.16074838926312843, -0.10366429515844333, -0.217832483367972, -0.1536128774999834, -0.24637453042039378, 0, 0, 0, 0, 0, 0, 0, 0, 0, -1, -1, -1]|1
[1, 1, 0, 0, 0, 0, 0.32299897820168955, 0.31458617166212466, 0.32299897820168955, 0.31458617166212466, 0.5669703678475767, 0.31458617166212466, 0.6090344005450276, 0.4407782697548507, 0.45760388283379366, 0.31458617166212466, 0.4407782697548507, 0.32299897820168955, 0.4407782697548507, 0.4323654632152858, 0.44919107629441557, 0.30617336512274657, 0, 0, 0, 0, 0, 0, 0, 0, 0, -1, -1, -1]|2
[1, 1, 0, 0, 0, 0, 0.5137343915456536, 0.31054927081928824, 0.2985972048941299, 0.28664513896897154, 0.2985972048941299, 0.28664513896897154, 0.6452071167215994, 0.28664513896897154, 0.7049674463468605, 0.4659261278452855, 0.48983025969533683, 0.28664513896897154, 0.4659261278452855, 0.2985972048941299, 0.4659261278452855, 0.4539740619201271, 0, 0, 0, 0, 0, 0, 0, 0, 0, 0, -1, -1]|2
[1, 0, 0, 0, 0, 0, 1.089380399717649, 0.2524194445475584, 0.9963847380316245, -0.5845415106204674, -0.6775371723064919, -0.7705328339925164, -0.6775371723064919, -0.7705328339925164, 2.0193370165716993, -0.7705328339925164, 2.484315324997692, 0.6244020912895915, 0.8103934146595756, -0.7705328339925164, 0.6244020912895915, -0.6775371723064919, -1, -1, 1, 1, 1, 1, 1, 1, 0, 0, -1, -1]|3
[1, 0, 0, 0, 0, 0, 11.401771336470853, 5.527375201254736, 5.527375201254736, 2.2230273751890466, 5.160225442801181, -1.0813204508684906, -1.4484702093220454, -1.8156199677756004, -1.4484702093220454, -1.8156199677756004, 9.198872785765827, -1.8156199677756004, 11.034621578017298, 3.691626408995114, 4.425925925894071, -1.8156199677756004, 1, -1, -1, 1, 1, 1, 1, 1, 1, -1, -1, -1]|3
[1, 0, 0, 0, 0, 0, 6.786099682997062, 3.782929790240406, 3.782929790240406, 1.598806231871654, 1.598806231871654, 0.37023673028676823, 1.46229850947266, -0.8583327712950866, -0.9948404936940808, -1.131348216093075, -0.9948404936940808, -1.131348216093075, 2.9638834558525033, -1.131348216093075, 3.6464220678414123, 0.9162676198797141, -1, 1, -1, -1, 1, 1, 1, 1, 1, 1, -1, -1]|3
[1, 0, 0, 0, 0, 0, 1.4712235826248756, 0.9438898853631076, 1.4712235826248756, 0.6425563440699519, 0.6425563440699519, 0.03988926148447677, 0.03988926148447677, -0.29911097247053253, 0.002222568822623211, -0.6381112064247054, -0.675777899086559, -0.7134445917484126, -0.675777899086559, -0.7134445917484126, 0.41655618810050327, -0.7134445917484126, 0, 0, 1, 0, 0, 1, 1, 1, 1, 1, 1, 0]|2
[1, 0, 0, 0, 0, 0, 0.2373307345101701, -0.18737176856831783, 0.5346224866644044, 0.2373307345101701, 0.5346224866644044, 0.06744973327877493, 0.06744973327877493, -0.2723122691835439, -0.2723122691835439, -0.46342839556898136, -0.29354739433758614, -0.6545445219539473, -0.6757796471079895, -0.6970147722620318, -0.6757796471079895, -0.6970147722620318, 1, 0, 0, 1, 0, 0, 1, 1, 1, 1, 1, 1]|1
[0, 0, 0, 0, 0, 0, -0.13084170592371394, -0.45826906240852594, 0.19658565056109803, -0.18862300412729344, 0.46623170884233056, 0.19658565056109803, 0.46623170884233056, 0.042502188685741446, 0.042502188685741446, -0.265664735064544, -0.265664735064544, -0.4390086296744271, -0.2849251677990705, -0.6123525242838825, -0.631612957018409, -0.6508733897529355, 1, 1, 0, 0, 1, 0, 0, 1, 1, 1, 1, 1]|1
[0, 0, 0, 0, 0, 0, -0.15597109382543195, -0.4558510120400337, -0.13597909927767346, -0.4758430065873483, 0.20388480803200137, -0.19595508292094893, 0.48377273169840074, 0.20388480803200137, 0.48377273169840074, 0.043948851650821255, 0.043948851650821255, -0.2759230611110951, -0.2759230611110951, -0.4558510120400337, -0.29591505565885357, -0.6357789629685284, 1, 1, 1, 0, 0, 1, 0, 0, 1, 1, 1, 1]|1
[0, 0, 0, 0, 0, 0, -0.4500277101992523, -0.6630674719854123, -0.18964577912692854, -0.5447120487710542, -0.16597469448384666, -0.5683831334136105, 0.23643374444591708, -0.2369879484130923, 0.5678289294464353, 0.23643374444591708, 0.5678289294464353, 0.047065067302313336, 0.047065067302313336, -0.33167228698436857, -0.33167228698436857, -0.5447120487710542, 0, 1, 1, 1, 0, 0, 1, 0, 0, 1, 1, 1]|0
[0, 0, 0, 0, 0, 0, -0.489516734398137, -0.578042088369949, -0.4718116636036173, -0.6311573007531147, -0.2770558848650806, -0.5426319467813028, -0.259350814070561, -0.5603370175754293, 0.04163538943430735, -0.3124660264541199, 0.2895063805556167, 0.04163538943430735, 0.2895063805556167, -0.10000517692106355, -0.10000517692106355, -0.38328630963141225, 0, 1, 1, 1, 1, 0, 0, 1, 0, 0, 1, 1]|0
[0, 0, 0, 0, 0, 0, -0.4612404290250627, -0.508193828543231, -0.44558929585257157, -0.5238449617160696, -0.4299381626797329, -0.570798361234238, -0.2577756977795505, -0.4925426953707399, -0.2421245646067119, -0.508193828543231, 0.023944699329807247, -0.2890779641252278, 0.2430605637478105, 0.023944699329807247, 0.2430605637478105, -0.10126436605220678, 0, 0, 0, 1, 1, 1, 0, 0, 1, 0, 0, 1]|0
[0, 0, 0, 0, 0, 0, -0.48156811003182903, -0.7550477789774239, -0.4527807764584067, -0.4959617768182206, -0.4383871096720151, -0.5103554436049318, -0.42399344288530394, -0.5535364439647458, -0.26566310823243966, -0.48156811003182903, -0.2512694414457285, -0.4959617768182206, -0.006577106073236363, -0.29445044180586205, 0.1949342289391222, -0.006577106073236363, 0, 0, 0, 0, 1, 1, 1, 0, 0, 1, 0, 0]|0
[0, 0, 0, 0, 0, 0, -0.5666325398859372, -0.7505758894296229, -0.5272161078409034, -0.7768535107928816, -0.5009384864773531, -0.5403549185223868, -0.4877996757958696, -0.5534937292041621, -0.4746608651140944, -0.5929101612491958, -0.33013394761544246, -0.5272161078409034, -0.31699513693366727, -0.5403549185223868, -0.09363535534494773, -0.35641156897899284, 0, 0, 0, 0, 1, 1, 1, 1, 0, 0, 1, 0]|1
[0, 0, 0, 0, 0, 0, -0.2972432192086939, -0.31680746998673476, -0.2972432192086939, -0.48310360160084215, -0.3657180969321627, -0.5026678523791002, -0.33637172076499283, -0.5222321031571411, -0.31680746998673476, -0.34615384615390465, -0.30702534459782294, -0.35593597154303364, -0.2972432192086939, -0.38528234771020353, -0.18963983992892627, -0.33637172076499283, 0, 0, 0, 0, 0, 0, 0, 0, 0, 0, 0, 0]|1
[0, 0, 0, 0, 0, 0, -0.2651508639216762, -0.3908087146719376, -0.32314679503714844, -0.34247877207556765, -0.32314679503714844, -0.5068005769028822, -0.3908087146719376, -0.526132553941516, -0.3618107491142015, -0.5454645309799352, -0.34247877207556765, -0.3714767376333038, -0.3328127835564654, -0.38114272615262074, -0.32314679503714844, -0.41014069171035683, 0, 0, 0, 0, 0, 0, 0, 0, 0, 0, 0, 0]|0
[0, 1, 0, 0, 0, 0, -0.31354219302661845, -0.5914603335016025, -0.2672225029475573, -0.3876536971533632, -0.32280613104251293, -0.3413340070740963, -0.32280613104251293, -0.49882095334327453, -0.3876536971533632, -0.5173488293750635, -0.3598618831058853, -0.5358767054066469, -0.3413340070740963, -0.3691258211215741, -0.33207006905840747, -0.37838975913746864, 0, 0, 0, 0, 0, 0, 0, 0, 0, 0, 0, 0]|0
[0, 1, 0, 0, 0, 0, -0.6672784478245188, -0.7288061527709423, -0.15967488201396415, -0.621132669114189, -0.08276525083076412, -0.28273029190749405, -0.17505680825074077, -0.20582066072395247, -0.17505680825074077, -0.46731340674744737, -0.28273029190749405, -0.49807725922100066, -0.23658451319750573, -0.5288411116942123, -0.20582066072395247, -0.2519664394339408, 0, 0, 0, 0, 0, 0, 0, 0, 0, 0, 0, 0]|1
[1, 1, 0, 0, 0, 0, 0.24538386783219876, -0.7808551992240336, -0.6525753158421232, -0.823615160350704, 0.7585034013607896, -0.5242954324592634, 0.9723032069969905, 0.41642371234172904, 0.7157434402331697, 0.6302235179788793, 0.7157434402331697, -0.09669582118591237, 0.41642371234172904, -0.18221574344115224, 0.5447035957236395, -0.26773566569544266, -1, -1, -1, -1, -1, -1, -1, -1, -1, -1, -1, 0]|3
[1, 1, 0, 0, 0, 0, 1.306081821281155, 0.1739946096765543, 0.5223291363236031, -0.522674443619477, -0.39204899612671285, -0.5662162594497538, 1.0448309262956266, -0.26142354863298184, 1.2625400054499112, 0.696496399647611, 1.001289110464383, 0.9142054788028624, 1.001289110464383, 0.1739946096765543, 0.696496399647611, 0.08691097801406698, 0, -1, -1, -1, -1, -1, -1, -1, -1, -1, -1, -1]|3
[1, 1, 0, 0, 0, 0, 3.8192538417217747, 2.376571616397644, 2.908086120464784, 0.9338893910735131, 1.5413345385776116, -0.28100090393805605, -0.05320897362380831, -0.3569315473750146, 2.4525022598362884, 0.1745829566921254, 2.8321554770261392, 1.845057112330504, 2.376571616397644, 2.2247103295220407, 2.376571616397644, 0.9338893910735131, -1, -1, -1, -1, -1, -1, -1, -1, -1, -1, -1, -1]|3
[1, 1, 0, 0, 0, 0, 1.6294752329574556, 1.4234919077981616, 1.4921530161843388, 0.8398724865129874, 1.0801863658657511, 0.18759195684163593, 0.46223639038710707, -0.3616969102508309, -0.2587052476711839, -0.3960274644435383, 0.8742030407064572, -0.15571358509077468, 1.0458558116722814, 0.5995586071602238, 0.8398724865129874, 0.7712113781268102, -1, 0, 0, -1, -1, -1, -1, -1, -1, -1, -1, -1]|3
[1, 1, 0, 0, 0, 0, 0.5392875342054422, 0.45366085709214304, 0.5221621987826303, 0.4707861925145747, 0.5906635404734978, 0.4879115279373866, 0.5221621987826303, 0.19678082575148498, 0.31665817371040805, -0.1286005472796603, 0.00840213610169443, -0.4026059140431303, -0.35122990777507473, -0.41973124946556195, 0.21390616117429692, -0.29985390150663893, 0, 0, 0, 0, 0, 0, 0, 0, 0, 0, 0, -1]|3
[1, 1, 0, 0, 0, 0, 0.7783988460158331, 0.48240173097776573, 0.5317345834840495, 0.44951316264036495, 0.5152902993151665, 0.4659574468088828, 0.5810674359903332, 0.48240173097776573, 0.5152902993151665, 0.2028489001085813, 0.31795888929003163, -0.10959249909800386, 0.021961774251964303, -0.37270104579867047, -0.32336819329238675, -0.38914532996718826, 0, 0, 0, 0, 0, 0, 0, 0, 0, 0, 0, 0]|3
[1, 1, 0, 0, 0, 0, 0.7876614741645189, 0.7064494680856995, 0.8039038753804271, 0.5115406534958838, 0.5602678571432476, 0.4790558510644282, 0.5440254559273394, 0.4952982522799757, 0.6089950607906114, 0.5115406534958838, 0.5440254559273394, 0.23541983282724874, 0.3491166413378844, -0.07318579027284196, 0.05675341945334118, -0.33306420972592954, 0, 0, 0, 0, 0, 0, 0, 0, 0, 0, 0, 0]|3
[1, 1, 0, 0, 0, 0, 0.8473568110524078, 0.6133220802016135, 0.6133220802016135, 0.5483124327432359, 0.6263240096934045, 0.39228927884261017, 0.43129506731769446, 0.3662854198593169, 0.4182931378259035, 0.3792873493508192, 0.47030085579277875, 0.39228927884261017, 0.4182931378259035, 0.1712564774836069, 0.2622699839255664, -0.07578018285868969, 0, 0, 0, 0, 0, 0, 0, 0, 0, 0, 0, 0]|3
[1, 1, 0, 0, 0, 0, 0.5678507882968828, 0.36116999056213017, 0.6054291151578038, 0.5490616248665267, 0.5866399517274477, 0.4175374808534074, 0.4175374808534074, 0.3705645722774126, 0.4269320625686898, 0.25782959169464953, 0.2860133368402881, 0.2390404282642933, 0.2766187551250057, 0.24843500997936713, 0.3141970819859268, 0.25782959169464953, 0, 0, 0, 0, 0, 0, 0, 0, 0, 0, 0, 0]|2
[0, 1, 0, 1, 0, 0, 0.30606845925773496, 0.28087370733453954, 0.46563522143803493, 0.28087370733453954, 0.49922822400235767, 0.4488387201559668, 0.48243172272028956, 0.3312632111809304, 0.3312632111809304, 0.2892719579756668, 0.3396614618220577, 0.18849295028269855, 0.213687702205894, 0.1716964490006304, 0.2052894515647667, 0.18009469964157124, 0, 0, 0, 0, 0, 0, 0, 0, 0, 0, 0, 0]|2
[0, 1, 1, 1, 0, 0, 0.34130422618540407, 0.2846779801921523, 0.3089463713320917, 0.2846779801921523, 0.46264618188510104, 0.2846779801921523, 0.4950040367384135, 0.4464672544585347, 0.4788251093118471, 0.3332147624720311, 0.3332147624720311, 0.2927674439055253, 0.34130422618540407, 0.19569387934558805, 0.21996227048552744, 0.17951495191902167, 0, 0, 0, 0, 0, 0, 0, 0, 0, 0, 0, 0]|2
[0, 0, 1, 1, 0, 0, 0.1437581557196729, -0.10417572857770409, 0.13070900391474605, 0.039364941278809316, 0.07851239669416937, 0.039364941278809316, 0.3264462809915464, 0.039364941278809316, 0.37864288821212305, 0.3003479773814029, 0.35254458460197957, 0.11765985210952944, 0.11765985210952944, 0.05241409308402592, 0.13070900391474605, -0.10417572857770409, 0, 0, 0, 0, 0, 1, 1, 1, 0, 0, 0, 1]|2
[0, 0, 1, 1, 0, 0, -0.7893584618326682, -1.2073206844781543, -0.7057660173039423, -1.4998942403300874, -0.7475622395678413, -1.0401357954197743, -0.9147471286262213, -1.0401357954197743, -0.1206189056000762, -1.0401357954197743, 0.04656598345830383, -0.20421135012880218, -0.03702646107042215, -0.7893584618326682, -0.7893584618326682, -0.9983395731549473, 1, 1, 1, 1, 1, 1, 1, 1, 1, 1, 1, 1]|0
[0, 0, 1, 1, 0, 0, -0.8067870172350744, -0.8992294628256431, -0.6835304231140881, -0.9916719084162118, -0.621902126053937, -1.2073709481277668, -0.6527162745836704, -0.8684153142952254, -0.7759728687046568, -0.8684153142952254, -0.19050404663082698, -0.8684153142952254, -0.06724745250984067, -0.25213234369097803, -0.12887574956999173, -0.6835304231140881, 1, 1, 1, 1, 1, 1, 1, 1, 1, 1, 1, 1]|0
[0, 0, 1, 1, 0, 0, -0.4386465386840605, -0.5473741916486621, -0.503883130462918, -0.5691197222417755, -0.41690100809094705, -0.634356314020633, -0.373409946905203, -0.7865750281714614, -0.39515547749783364, -0.5473741916486621, -0.4821375998698046, -0.5473741916486621, -0.06897251860354613, -0.5473741916486621, 0.018009603768424826, -0.11246357978929017, 0, 0, 0, 1, 1, 1, 1, 1, 1, 1, 1, 1]|1
[0, 0, 1, 1, 0, 0, -0.5383062440666971, -0.5818625824974311, -0.560084413282306, -0.6689752593593824, -0.6254189209286485, -0.6907534285749911, -0.5383062440666971, -0.7560879362213337, -0.49474990563596327, -0.9085351207296277, -0.5165280748510884, -0.6689752593593824, -0.6036407517130398, -0.6689752593593824, -0.18985553661937535, -0.6689752593593824, 0, 0, 1, 1, 1, 1, 1, 1, 1, 1, 1, 1]|0
[0, 0, 1, 1, 0, 0, -0.5429903431639705, -0.5825953333098131, -0.5627928382368919, -0.6023978283822946, -0.5825953333098131, -0.6816078086735398, -0.642002818528137, -0.701410303746461, -0.5627928382368919, -0.760817788964785, -0.5231878480914891, -0.8994352544743541, -0.5429903431639705, -0.6816078086735398, -0.6222003234552158, -0.6816078086735398, 1, 0, 0, 1, 1, 1, 1, 1, 1, 1, 1, 1]|1
[0, 0, 1, 1, 0, 0, -0.3017576067659348, -0.6430463177542463, -0.6240858338103342, -0.6620068016981583, -0.6430463177542463, -0.6809672856416493, -0.6620068016981583, -0.7568092214168765, -0.7188882535294734, -0.7757697053607885, -0.6430463177542463, -0.8326511571921036, -0.6051253498668432, -0.9653745447986457, -0.6240858338103342, -0.7568092214168765, 1, 1, 0, 0, 1, 1, 1, 1, 1, 1, 1, 1]|1
[0, 0, 1, 1, 0, 0, -0.2857545839211446, -0.39238363892812894, -0.32129760225667453, -0.641184767278022, -0.6234132581100598, -0.6589562764459842, -0.641184767278022, -0.6767277856135518, -0.6589562764459842, -0.7478138222850063, -0.7122708039494764, -0.7655853314529685, -0.641184767278022, -0.8188998589564607, -0.6056417489424921, -0.9433004231314072, 1, 1, 1, 0, 0, 1, 1, 1, 1, 1, 1, 1]|1
[0, 0, 1, 1, 0, 0, -0.2966673125360252, -0.49104824646375744, -0.3128657236967594, -0.41005619066044574, -0.3452625460178683, -0.6368339469092869, -0.6206355357485526, -0.6530323580700211, -0.6368339469092869, -0.6692307692303957, -0.6530323580700211, -0.7340244138729731, -0.7016275915518643, -0.7502228250337074, -0.6368339469092869, -0.7988180585155505, 1, 1, 1, 1, 0, 0, 1, 1, 1, 1, 1, 1]|0
[0, 0, 1, 1, 0, 0, -0.4734982332151832, -0.8763250883383166, -0.25865724381578115, -0.5809187279148842, -0.2855123674908555, -0.44664310954010883, -0.33922261484040783, -0.8226148409887643, -0.7957597173136899, -0.8494699646638385, -0.8226148409887643, -0.8763250883383166, -0.8494699646638385, -0.9837455830380176, -0.9300353356884652, -1.010600706713092, 1, 1, 1, 1, 1, 0, 0, 1, 1, 1, 1, 1]|0
[0, 0, 1, 1, 0, 0, -3.8735804318073805, -6.794833395747812, -0.952327467866949, -3.6910021215598365, 0.5082990141052938, -1.6826407088530704, 0.3257207038577499, -0.7697491576194051, -0.03943591663328375, -3.325845501068803, -3.143267190821259, -3.5084238113163466, -3.325845501068803, -3.6910021215598365, -3.5084238113163466, -4.421315362545958, 1, 1, 1, 1, 1, 1, 0, 0, 1, 1, 1, 1]|0
[0, 0, 1, 1, 0, 0, -3.491404011450169, -4.3739255014173395, -2.167621776495739, -3.9326647564325294, -0.40257879655894807, -2.057306590248924, 0.4799426934106721, -0.8438395415437581, 0.36962750716385717, -0.29226361031213316, 0.14899713467267692, -1.8366762177577436, -1.7263610315109288, -1.9469914040045586, -1.8366762177577436, -2.057306590248924, 1, 1, 1, 1, 1, 1, 1, 0, 0, 1, 1, 1]|0
[0, 0, 1, 1, 0, 0, -0.5417001661574976, -0.7044272927050124, -0.4874577906418601, -0.7044272927050124, -0.16200353754622837, -0.5959425416731351, 0.2719354665806784, -0.1348823497881085, 0.4889049686444329, 0.16345071554880114, 0.461783780886313, 0.29905665433879824, 0.4075414053706755, -0.080639974272471, -0.05351878651435113, -0.10776116203059086, 0, 0, 0, 0, 0, 0, 0, 0, 0, 0, 0, 0]|0
[0, 0, 1, 1, 0, 0, -0.42586179360683213, -0.5650600586718288, -0.4026620827624943, -0.5418603478274909, -0.3562626610743338, -0.5418603478274909, -0.07786613094382533, -0.44906150445065485, 0.29332924256300413, -0.05466642009948751, 0.47892692931667646, 0.200530399186168, 0.45572721847233866, 0.316528953407342, 0.40932779678417813, -0.008266998411327003, 0, 0, 0, 0, 0, 0, 0, 0, 0, 0, 0, 0]|0
[0, 0, 1, 1, 0, 0, -0.4829723157775872, -0.8639377521514755, -0.3933333895723762, -0.5277917788806903, -0.37092365802082466, -0.5053820473291387, -0.3261041949182192, -0.5053820473291387, -0.057187416301093426, -0.41574312112343015, 0.3013682885212433, -0.034777684749541876, 0.48064614093266045, 0.2117293623155347, 0.45823640938110893, 0.3237780200727948, 0, 0, 0, 0, 0, 0, 0, 0, 0, 0, 0, 0]|0
[0, 1, 1, 1, 0, 0, -0.22423224155912128, -0.45367674434179345, -0.4053726384927393, -0.48990482372851707, -0.42952469141740046, -0.45367674434179345, -0.2363082680211837, -0.465752770804124, -0.06724389754962815, -0.27253634740790733, -0.018939791700842108, -0.0913959504742893, -0.006863765238511525, -0.07931992401195873, 0.017288287685881497, -0.07931992401195873, 0, 0, 0, 0, 0, 0, 0, 0, 0, 0, 0, 0]|1
[1, 1, 1, 1, 0, 0, -0.24231169028695212, -0.33314801467566046, -0.2786462200425968, -0.31498074979783813, 0.06653181263401074, -0.29681348492001575, 0.08469907751142969, -0.2604789551647745, -0.1878098956538885, -0.31498074979783813, -0.2241444254095332, -0.2604789551647745, 0.06653181263401074, -0.2786462200425968, 0.32087352092190996, 0.012030018000947102, 0, 0, 0, 0, -1, -1, -1, -1, -1, -1, -1, -1]|1
[1, 1, 1, 1, 0, 0, -0.18375624634989304, -0.25228762411581057, -0.2008890907911822, -0.28655331299914977, -0.2351547796745214, -0.26942046855748014, 0.09036926471529881, -0.25228762411581057, 0.10750210915658798, -0.2180219352328518, -0.14949055746655385, -0.26942046855748014, -0.18375624634989304, -0.2180219352328518, 0.09036926471529881, -0.2351547796745214, 0, 0, 0, 0, 0, -1, -1, -1, -1, -1, -1, -1]|2
[1, 1, 1, 1, 0, 0, 0.011680628462615793, -0.21804445953093826, -0.20453121906094102, -0.25858418094153013, -0.21804445953093826, -0.28561066188212475, -0.24507094047153288, -0.27209742141182747, 0.011680628462615793, -0.25858418094153013, 0.02519386893261305, -0.23155770000123557, -0.17750473812034637, -0.27209742141182747, -0.20453121906094102, -0.23155770000123557, 0, 0, 0, 0, 0, 0, 0, -1, -1, -1, -1, 0]|1
[1, 1, 1, 1, 0, 0, 2.0294103013830074, 0.7159284550424251, 2.22643257833373, 1.1099730089453288, 1.1756471012612644, 0.9129507319946061, 1.1099730089453288, 0.7816025473598187, 0.9786248243105415, 0.8472766396772125, 2.22643257833373, 0.9129507319946061, 2.2921066706496656, 1.0442989166279353, 1.3069952858960516, 0.8472766396772125, -1, -1, -1, -1, -1, -1, -1, -1, -1, -1, -1, -1]|2
[1, 1, 1, 1, 0, 0, 0.12409210738644733, -0.28748587722669583, 0.6179856889220973, 0.06921504277103664, 0.700301285844604, 0.23384623661665946, 0.2612847689237555, 0.15153063969415267, 0.23384623661665946, 0.09665357507874199, 0.17896917200124876, 0.12409210738644733, 0.700301285844604, 0.15153063969415267, 0.7277398181517001, 0.2064077043089541, 0, 0, 0, -1, -1, -1, -1, -1, -1, -1, -1, -1]|1
[1, 1, 0, 1, 0, 0, 0.2905946976066046, -0.22058741101944077, 0.20988173308673416, -0.19368308951321556, 0.6941595202065544, 0.15607309007308892, 0.7748724847264248, 0.31749901911342726, 0.34440334061965244, 0.23678605459355678, 0.31749901911342726, 0.18297741157991154, 0.263690376099782, 0.20988173308673416, 0.7748724847264248, 0.23678605459355678, -1, 0, 0, 0, -1, -1, -1, -1, -1, -1, -1, -1]|1
[1, 1, 0, 0, 0, 0, 0.22392530975494523, -0.41129079169288363, 0.394945029375598, -0.06925135245157808, 0.3216508638239672, -0.044819963934729465, 0.7614158571342946, 0.2727880867891849, 0.8347100226859254, 0.4193764178929891, 0.4438078064098377, 0.34608225234135825, 0.4193764178929891, 0.29721947530657605, 0.37051364085820687, 0.3216508638239672, 0, -1, 0, 0, 0, -1, -1, -1, -1, -1, -1, -1]|2
[1, 1, 0, 0, 0, 0, 0.18556536745325503, 0.1219003124946322, 0.3341171623568654, -0.21764664728484673, 0.4826689572604758, 0.07945694252237404, 0.41900390230185297, 0.1006786275082675, 0.8009942320540613, 0.37656053232912357, 0.8646592870126841, 0.5038906422468404, 0.5251123272327339, 0.44022558728821765, 0.5038906422468404, 0.39778221731548824, 0, 0, -1, 0, 0, -1, -1, -1, -1, -1, -1, -1]|2
[1, 1, 0, 0, 0, 0, 0.26380765049969973, 0.1722915264766568, 0.240928619493812, 0.1722915264766568, 0.4010818365340102, -0.193772969615007, 0.5612350535742083, 0.12653346446538932, 0.4925979605570531, 0.14941249547076907, 0.9044205186604924, 0.44683989854527767, 0.9730576116776477, 0.5841140845800961, 0.6069931155854759, 0.5154769915629409, -1, 0, -1, -1, -1, -1, -1, -1, -1, -1, -1, -1]|3
[1, 1, 0, 0, 0, 0, 1.6261953872080561, 1.1427276704774443, 1.7228889305550372, -0.017594849679888905, 0.17579223701407345, -0.21098193637170423, 0.07909869366709228, -0.21098193637170423, 0.7559534970916665, -1.758078629912668, 1.4328083005162406, -0.4043690230635196, 1.1427276704774443, -0.3076754797186854, 2.8832114507123703, 0.9493405837834819, -1, -1, -1, -1, -1, -1, -1, -1, -1, -1, -1, -1]|3
[1, 1, 0, 0, 0, 0, 1.190301371281079, 0.6539368524596055, 1.309493486575622, 0.6539368524596055, 0.9519171406933163, 0.6539368524596055, 1.0115131983405878, -0.06121583930368249, 0.05797627599086049, -0.18040795459690218, -0.0016197816564110002, -0.18040795459690218, 0.41555262187184283, -1.1339448769466296, 0.8327250254000966, -0.29960006989012183, 0, -1, -1, -1, -1, -1, -1, -1, -1, -1, -1, -1]|1
[1, 1, 0, 0, 0, 0, 0.33424754280163493, -0.2576941834746263, 0.5932220480476532, 0.2602548270174103, 0.6672147638326993, 0.2602548270174103, 0.44523661647838253, 0.2602548270174103, 0.48223297437090556, -0.1837014676904017, -0.10970875190535562, -0.2576941834746263, -0.14670510979787865, -0.2576941834746263, 0.11226939544813966, -0.8496359097508875, 0, 0, 0, -1, 0, 0, 0, 0, -1, 0, 0, 0]|0
[1, 1, 0, 0, 0, 0, 0.06505176275539237, -0.33318195446316673, 0.4164344544185209, 0.04162624997767708, 0.5804130438614876, 0.36958342886361045, 0.6272640694169181, 0.36958342886361045, 0.4867109927511466, 0.36958342886361045, 0.5101365055288619, 0.0884772755325875, 0.13532830108801808, 0.04162624997767708, 0.11190278831030279, 0.04162624997767708, 0, 0, 0, 0, -1, 0, 0, 0, 0, -1, 0, 0]|1
[1, 1, 0, 0, 0, 0, -0.055952248130868014, -0.22776971995958242, 0.1404105768163899, -0.2768604261961244, 0.5085908735918172, 0.11586522369784641, 0.6804083454205316, 0.45950016735527527, 0.7294990516576186, 0.45950016735527527, 0.5822269329469028, 0.45950016735527527, 0.6067722860654462, 0.16495592993438837, 0.21404663617147537, 0.11586522369784641, 0, 0, 0, 0, 0, -1, -1, -1, 0, 0, -1, -1]|1
[1, 1, 0, 0, 0, 0, -0.019001480960343348, -0.4644192876319972, -0.2245789301932973, -0.4644192876319972, 0.049524335451148496, -0.5329451040427282, 0.5634679585335334, 0.015261427245402574, 0.8033083159722333, 0.49494214212280235, 0.8718341323837251, 0.49494214212280235, 0.6662566831500104, 0.49494214212280235, 0.7005195913557563, 0.08378724365613363, 0, 0, 0, 0, 0, 0, -1, -1, -1, 0, -1, -1]|0
[1, 1, 0, 0, 0, 0, -0.25386398763536877, -0.3187789799071139, 0.07071097372479831, -0.35123647604334685, -0.12403400309115781, -0.35123647604334685, 0.13562596599726415, -0.416151468315092, 0.6224884080371544, 0.10316846986103123, 0.8496908809893434, 0.5575734157654093, 0.9146058732618093, 0.5575734157654093, 0.7198608964451325, 0.5575734157654093, -1, 0, 0, 0, 0, 0, -1, -1, -1, -1, -1, -1]|1
[1, 1, 0, 0, 0, 0, -0.3161020677517394, -0.5636569765472785, -0.28073708078150894, -0.351467054722755, 0.07291278892629195, -0.3868320416937707, -0.13927713289823154, -0.3868320416937707, 0.1436427628683233, -0.45756201563501675, 0.674117567429632, 0.10827777589730762, 0.9216724762251712, 0.603387593488386, 0.9924024501672025, 0.603387593488386, -1, -1, 0, 0, 0, 0, 0, -1, -1, -1, -1, -1]|1
[1, 1, 0, 0, 0, 0, -0.2960455177386301, -0.3748262190412626, -0.32230575150578555, -0.5061273878787891, -0.2960455177386301, -0.3485659852735241, -0.033443180062993995, -0.3748262190412626, -0.19100458266825904, -0.3748262190412626, 0.01907728747248308, -0.4273466865761566, 0.4129807939856457, -0.007182946295255459, 0.5968024303586493, 0.3604603264507517, 0, 0, -1, 0, 0, 0, 0, 0, 0, -1, 0, 0]|1
[1, 1, 0, 0, 0, 0, -0.2511786275542081, -0.31403876375095896, -0.15688842325873295, -0.2511786275542081, -0.18831849135675943, -0.40832896804643415, -0.15688842325873295, -0.21974855945548377, 0.15741225772641693, -0.2511786275542081, -0.031168150864533423, -0.2511786275542081, 0.22027239392386563, -0.31403876375095896, 0.6917234154012415, 0.1888423258251413, -1, -1, -1, -1, 0, 0, 0, 0, 0, -1, -1, -1]|1
[1, 1, 0, 0, 0, 0, -0.17721735170167024, -0.36849595810091645, -0.2409768871683216, -0.3047364226342651, -0.14533758396905244, -0.2409768871683216, -0.17721735170167024, -0.40037572583353426, -0.14533758396905244, -0.20909711943499593, 0.1734600933620807, -0.2409768871683216, -0.01781851303645761, -0.2409768871683216, 0.23721962882873204, -0.3047364226342651, 0, -1, -1, -1, -1, 0, 0, 0, 0, 0, -1, -1]|1
[1, 1, 0, 0, 0, 0, 0.02539744086851498, -0.2848003101980897, -0.09868165955757588, -0.2848003101980897, -0.16072120977131008, -0.22276075998435552, -0.06766188445139755, -0.16072120977131008, -0.09868165955757588, -0.31582008530426803, -0.06766188445139755, -0.12970143466444298, 0.24253586661520715, -0.16072120977131008, 0.05641721597538208, -0.16072120977131008, 0, 0, -1, -1, -1, -1, 0, 0, 0, 0, 0, -1]|2
[1, 1, 0, 0, 0, 0, 0.1058629232037616, -0.221139554088454, -0.030388109001479507, -0.30289017341135666, -0.1393889347649463, -0.30289017341135666, -0.19388934764728477, -0.24838976052901818, -0.11213872832438214, -0.19388934764728477, -0.1393889347649463, -0.3301403798519208, -0.11213872832438214, -0.16663914120611553, 0.160363336085495, -0.19388934764728477, 0, 0, 0, -1, -1, -1, -1, 0, 0, 0, 0, 0]|1
[1, 1, 0, 0, 0, 0, 2.997737556566796, -0.260180995473531, 2.2737556561129435, 0.10180995475138581, 1.3687782805446231, -0.4411764705879989, 0.6447963800947895, -0.4411764705879989, 0.28280542986585366, -0.07918552035906315, 0.8257918552052383, 0.28280542986585366, 0.6447963800947895, -0.6221719456984478, 0.8257918552052383, 0.46380090498032156, -1, 0, -1, -1, -1, -1, -1, -1, -1, -1, -1, -1]|3
[1, 1, 0, 0, 0, 0, 1.2351599716223043, -0.19191526740724704, 1.2351599716223043, -0.3702996722849507, 0.8783911618649164, -0.19191526740724704, 0.4324301496676865, -0.4594918747247928, 0.07566133991227916, -0.4594918747247928, -0.10272306496740498, -0.28110746984510865, 0.16485354235014077, -0.10272306496740498, 0.07566133991227916, -0.5486840771626544, 0, 0, 0, -1, -1, -1, -1, -1, -1, -1, -1, -1]|3
[1, 1, 0, 0, 0, 0, 1.5371201305322557, -0.14552314909169548, 0.9313685498683506, -0.14552314909169548, 0.9313685498683506, -0.280134611460954, 0.6621456251283391, -0.14552314909169548, 0.3256169692029511, -0.3474403426463305, 0.056394044464434044, -0.3474403426463305, -0.07821741790631896, -0.21282888027557748, 0.12369977564831605, -0.07821741790631896, 0, 0, 0, 0, 0, -1, -1, -1, -1, -1, -1, -1]|3
[1, 1, 0, 0, 0, 0, 1.3319917483797141, 0.9793465610121223, 1.4025207858538589, -0.3607051509887989, 0.7677594485912538, -0.3607051509887989, 0.7677594485912538, -0.5017632259355225, 0.4856432986962406, -0.3607051509887989, 0.13299811132708264, -0.5722922634096673, -0.14911803856636446, -0.5722922634096673, -0.2901761135146541, -0.4312341884613777, 0, 0, 0, 0, 0, 0, -1, -1, -1, -1, -1, -1]|3
[1, 1, 0, 0, 0, 0, 0.782374460545153, 0.6314698905364302, 0.832675983880277, 0.5811683672013062, 0.8829775072165179, -0.3745605761816872, 0.4302637971937002, -0.3745605761816872, 0.4302637971937002, -0.47516362285305214, 0.22905770384985338, -0.3745605761816872, -0.02244991283023442, -0.5254651461892931, -0.22365600617296436, -0.5254651461892931, 0, 0, 0, 0, 0, 0, 0, 0, -1, -1, -1, -1]|3
[1, 1, 0, 0, 0, 0, 0.5181582360582986, 0.44033722438468964, 0.5181582360582986, 0.3625162127119447, 0.5181582360582986, 0.40142671854788514, 0.557068741894239, 0.3625162127119447, 0.5959792477310436, -0.3767833981830205, 0.24578469520239524, -0.3767833981830205, 0.24578469520239524, -0.45460440985576545, 0.0901426718560413, -0.3767833981830205, 0, 0, 0, 0, 0, 0, 0, 0, 0, 0, -1, -1]|3
[1, 1, 0, 0, 0, 0, 0.5839367518832764, 0.44207181912120097, 0.5484705186933482, 0.4775380523119167, 0.5484705186933482, 0.4066055859312727, 0.5484705186933482, 0.44207181912120097, 0.5839367518832764, 0.4066055859312727, 0.6194029850739922, -0.2672528446883889, 0.300206886359913, -0.2672528446883889, 0.300206886359913, -0.3381853110690329, 0, 0, 0, 0, 0, 0, 0, 0, 0, 0, 0, -1]|2
[1, 1, 0, 0, 0, 0, 0.5726141078829156, 0.42738589211579453, 0.5726141078829156, 0.4564315352688318, 0.5435684647298783, 0.485477178422514, 0.5435684647298783, 0.42738589211579453, 0.5435684647298783, 0.4564315352688318, 0.5726141078829156, 0.42738589211579453, 0.6016597510365977, -0.12448132780094227, 0.34024896265539295, -0.12448132780094227, 0, 0, 0, 0, 0, 0, 0, 0, 0, 0, 0, 0]|3
[1, 1, 0, 0, 0, 0, 0.9889400576925035, 0.4955502602737378, 0.5245731895332102, -0.055885395665261794, 0.5245731895332102, 0.3794585432339145, 0.5245731895332102, 0.40848147249338695, 0.4955502602737378, 0.4375044017535039, 0.4955502602737378, 0.3794585432339145, 0.4955502602737378, 0.40848147249338695, 0.5245731895332102, 0.3794585432339145, -1, 0, 0, 0, 0, 0, 0, 0, 0, 0, 0, 0]|3
[1, 1, 0, 0, 0, 0, 0.9902240235162625, 0.8031666147063735, 1.1398699505640075, 0.5038747606117141, 0.5412862423730274, -0.20694339286486724, 0.5412862423730274, 0.35422883356396906, 0.5412862423730274, 0.39164031532528226, 0.5038747606117141, 0.4290517970874262, 0.5038747606117141, 0.35422883356396906, 0.5038747606117141, 0.39164031532528226, 0, -1, 0, 0, 0, 0, 0, 0, 0, 0, 0, 0]|3
[0, 0, 0, 0, 0, 0, 0.46626980260674156, 0.43669011477164027, 0.46626980260674156, 0.37753073910209445, 0.4958494904418429, 0.3479510512669931, 0.6141682417815914, 0.11131354858815302, 0.14089323642259752, -0.45070052027548796, 0.14089323642259752, -0.007005202751595437, 0.14089323642259752, 0.022574485082849077, 0.11131354858815302, 0.05215417291795039, 0, 0, 0, 0, 0, 1, 0, 1, 1, 1, 1, 0]|1
[0, 0, 0, 0, 0, 0, 0.49889547191956934, -0.0894110636889492, 0.4694801451389475, 0.44006481835832556, 0.4694801451389475, 0.381234164797735, 0.49889547191956934, 0.3518188380171131, 0.6165567790414037, 0.1164962237740976, 0.14591155055406632, -0.44239498505445224, 0.14591155055406632, -0.0011650833477367382, 0.14591155055406632, 0.028250243432231984, 0, 0, 0, 0, 0, 0, 1, 0, 1, 1, 1, 1]|1
[0, 0, 0, 0, 0, 0, -0.06007525170032977, -0.5580099646481184, 0.4671497384798729, -0.11865580616450767, 0.4378594612474588, 0.4085691840150446, 0.4378594612474588, 0.34998862955086674, 0.4671497384798729, 0.32069835231845256, 0.5843108474088791, 0.08637613446109056, 0.11566641169285434, -0.47013913295152626, 0.11566641169285434, -0.030784974467915626, 0, 0, 0, 0, 0, 0, 0, 1, 0, 1, 1, 1]|0
[0, 0, 0, 0, 0, 0, -1.0397631133675618, -1.7583192329393187, -0.5265087422450413, -1.3990411731534402, 0.3973491257759517, -0.6291596164690895, 0.34602368866335775, 0.29469825155076385, 0.34602368866335775, 0.19204737732671556, 0.3973491257759517, 0.1407219402141216, 0.6026508742251879, -0.2698815566832111, -0.2185561195717568, -1.245064861816798, 0, 0, 0, 0, 0, 0, 0, 1, 1, 1, 1, 1]|0
[0, 0, 0, 0, 0, 0, -0.5328685258968451, -0.719123505976604, -0.3200056915198089, -0.6925156516793268, -0.0539271485488091, -0.5062606715995679, 0.4250142287992269, -0.10714285714277275, 0.39840637450194966, 0.3717985202046724, 0.39840637450194966, 0.3185828116107088, 0.4250142287992269, 0.2919749573134316, 0.531445645987745, 0.0791121229369862, 0, 0, 0, 0, 0, 0, 0, 0, 0, 1, 0, 1]|0
[0, 1, 0, 0, 0, 0, -0.3803547019032179, -0.508818478146522, -0.3803547019032179, -0.508818478146522, -0.2335389576250397, -0.4904665101116478, -0.05001927727752066, -0.36200273386834375, 0.2803161473481766, -0.08672321334686146, 0.26196417931330246, 0.2436122112784283, 0.26196417931330246, 0.2069082752090875, 0.2803161473481766, 0.18855630717421334, 0, 0, 0, 0, 0, 0, 0, 0, 0, 0, 0, 0]|1
[0, 1, 0, 0, 0, 0, -0.29161527676731697, -0.5263116283480566, -0.35562337265336086, -0.5049755963865157, -0.35562337265336086, -0.5049755963865157, -0.18493511695819134, -0.48363956442450107, 0.028425202660533635, -0.3342873406913462, 0.4124737779744281, -0.01424686126302186, 0.39113774601241347, 0.36980171405039886, 0.39113774601241347, 0.32712965012684336, 0, 0, 0, 0, 0, 0, 0, 0, 0, 0, 0, 0]|1
[0, 1, 0, 0, 0, 0, -0.3730320023877202, -0.49128650996756223, -0.32235149913889494, -0.5081800110501289, -0.3730320023877202, -0.49128650996756223, -0.3730320023877202, -0.49128650996756223, -0.2378839937249364, -0.4743930088846205, -0.06894898289664424, -0.3561385013047784, 0.23513403659443172, -0.10273598506215263, 0.21824053551148997, 0.2013470344285482, 0, 0, 0, 0, 0, 0, 0, 0, 0, 0, 0, 0]|0
[0, 1, 0, 0, 0, 0, -0.3988323296681, -0.7201209613443249, -0.3385907112288357, -0.4791544875872677, -0.27834909278912556, -0.49923502706672523, -0.3385907112288357, -0.4791544875872677, -0.3385907112288357, -0.4791544875872677, -0.1779463953905004, -0.4590739481073643, 0.02285899940719587, -0.31851017174893237, 0.3843087100432275, -0.01730207955216503, 0, 0, 0, 0, 0, 0, 0, 0, 0, 0, 0, 0]|0
[0, 1, 0, 0, 0, 0, -0.675870069605951, -0.7371229698379366, -0.43085846867800887, -0.7575406032487495, -0.3696055684460234, -0.5125290023208073, -0.3083526682135845, -0.532946635731167, -0.3696055684460234, -0.5125290023208073, -0.3696055684460234, -0.5125290023208073, -0.20626450116042636, -0.4921113689099944, -0.0020881670536567983, -0.3491879350352104, 0, 0, 0, 0, 0, 0, 0, 0, 0, 0, 0, 0]|0
[0, 1, 0, 0, 0, 0, -0.44576955315180083, -0.5445952654149662, -0.4622405051957227, -0.5116533613271225, -0.2645890806701235, -0.5281243133710443, -0.21517622453872373, -0.3304728888454451, -0.1657633684069582, -0.34694384088900126, -0.21517622453872373, -0.3304728888454451, -0.21517622453872373, -0.3304728888454451, -0.08340860818808046, -0.3140019368015233, 0, 0, 0, 0, 0, 0, 0, 0, 0, 0, 0, 0]|1
[0, 1, 0, 0, 0, 0, -0.4119049313313875, -0.44321497189233666, -0.4119049313313875, -0.5058350530138874, -0.4275599516118621, -0.4745250124529382, -0.23969970824755754, -0.4901800327334128, -0.19273464740648139, -0.30231978936910825, -0.14576958656505765, -0.31797480964923525, -0.19273464740648139, -0.30231978936910825, -0.19273464740648139, -0.30231978936910825, 0, 0, 0, 0, 0, 0, 0, 0, 0, 0, 0, 0]|1
[0, 1, 0, 0, 0, 0, -0.3622589531681576, -0.4077134986226572, -0.3622589531681576, -0.4380165289258812, -0.4077134986226572, -0.4380165289258812, -0.4077134986226572, -0.4986225895319928, -0.4228650137742692, -0.4683195592287688, -0.24104683195627088, -0.4834710743803808, -0.1955922865017713, -0.3016528925623825, -0.1501377410469353, -0.31680440771365803, 0, 0, 0, 0, 0, 0, 0, 0, 0, 0, 0, 0]|1
[0, 1, 0, 0, 0, 0, -0.2959185500243418, -0.3372731056642416, -0.2959185500243418, -0.3372731056642416, -0.2959185500243418, -0.3648428094243789, -0.3372731056642416, -0.3648428094243789, -0.3372731056642416, -0.4199822169443474, -0.35105795754431024, -0.3924125131842101, -0.18563973498471095, -0.4061973650642787, -0.1442851793448111, -0.2407791425046794, 0, 0, 0, 0, 0, 0, 0, 0, 0, 0, 0, 0]|1
[1, 1, 0, 0, 0, 0, 1.4324324324256317, 1.0127186009486242, 1.537360890295466, 1.2225755166882928, 1.537360890295466, 1.2225755166882928, 1.537360890295466, 1.0127186009486242, 1.2225755166882928, 1.0127186009486242, 1.2225755166882928, 0.5930047694716166, 1.1176470588184586, 0.8028616852112853, 2.376788553247151, 0.6979332273414509, -1, -1, -1, -1, -1, -1, -1, -1, -1, -1, -1, -1]|3
[1, 1, 0, 0, 0, 0, 1.3141141567255044, 0.9674698484372042, 1.3141141567255044, 0.9674698484372042, 1.4007752337980606, 1.1407920025823164, 1.4007752337980606, 1.1407920025823164, 1.4007752337980606, 0.9674698484372042, 1.1407920025823164, 0.9674698484372042, 1.1407920025823164, 0.6208255401489039, 1.0541309255097604, 0.7941476942940161, -1, -1, -1, -1, -1, -1, -1, -1, -1, -1, -1, -1]|3
[1, 1, 0, 0, 0, 0, 1.1815736761228393, 0.9649617860395135, 1.1815736761228393, 0.8927578226778705, 1.1815736761228393, 0.8927578226778705, 1.2537776394844824, 1.0371657494011566, 1.2537776394844824, 1.0371657494011566, 1.2537776394844824, 0.8927578226778705, 1.0371657494011566, 0.8927578226778705, 1.0371657494011566, 0.6039419692329018, -1, -1, -1, -1, -1, -1, -1, -1, -1, -1, -1, -1]|3
[1, 1, 0, 0, 0, 0, 0.8208630178604652, 0.5750582435754786, 0.7155181145955823, 0.6101732113306995, 0.7155181145955823, 0.5750582435754786, 0.7155181145955823, 0.5750582435754786, 0.7506330823508033, 0.6452881790859203, 0.7506330823508033, 0.6452881790859203, 0.7506330823508033, 0.5750582435754786, 0.6452881790859203, 0.5750582435754786, -1, -1, -1, -1, -1, -1, -1, -1, -1, -1, -1, -1]|3
[1, 1, 0, 0, 0, 0, 0.8296128584066523, 0.636792507625647, 0.7332026830156144, 0.5885874199301281, 0.8296128584066523, 0.636792507625647, 0.9260230337966198, 0.5885874199301281, 0.7814077707111334, 0.636792507625647, 0.7814077707111334, 0.5885874199301281, 0.7814077707111334, 0.5885874199301281, 0.8296128584066523, 0.6849975953211659, -1, -1, -1, -1, 0, -1, -1, -1, -1, -1, -1, -1]|3
[1, 0, 0, 0, 0, 0, -5.1399650814525355, -6.717534087102185, -2.300340871291573, -8.92613069500749, 1.1703109411320516, -1.9848270701602417, 1.4858247422563768, 0.2237695377450642, 1.1703109411320516, -0.0917442633862669, 1.801338543387708, -0.0917442633862669, 1.1703109411320516, -0.0917442633862669, 0.5392833388693895, -0.407258064517598, 0, -1, 0, -1, 0, -1, 0, -1, 0, 0, 1, 0]|0
[1, 1, 0, 0, 0, 0, -0.19800825408111286, -0.6717207966982016, -0.553292661043272, -0.8493630001792812, -0.020366050600033263, -1.2638614749689052, 0.6309886954981351, 0.03884801722743154, 0.6902027633242851, 0.4533464920170555, 0.6309886954981351, 0.3941324241895907, 0.7494168311517498, 0.3941324241895907, 0.6309886954981351, 0.3941324241895907, 0, 0, -1, 0, -1, 0, -1, 0, -1, 0, 0, 0]|3
[1, 1, 0, 0, 0, 0, 0.6842857859604148, 0.5813305905363748, 0.5813305905363748, -0.10503737895773263, 0.1351914103652812, -0.1393557774326666, -0.07071898048279865, -0.24231097285670652, 0.23814660578932112, -0.48253976217972033, 0.6156489890113088, 0.2724650042642551, 0.6499673874854808, 0.512693793587269, 0.6156489890113088, 0.47837539511233496, 0, -1, 0, -1, -1, 0, -1, 0, -1, -1, -1, 0]|3
[1, 1, 0, 0, 0, 0, 1.1745428166336684, 0.53811047425615, 0.6335753256127071, 0.53811047425615, 0.53811047425615, -0.0983218681213685, 0.12442945171083362, -0.1301434852404564, -0.0665002510022806, -0.22560833659701351, 0.21989430306739075, -0.44835965642921566, 0.5699320913752379, 0.25171592018647865, 0.6017537084936192, 0.4744672400186808, -1, 0, -1, 0, 0, -1, 0, -1, 0, -1, 0, -1]|3
[1, 1, 0, 0, 0, 0, 1.9412227761739524, 1.542902125426378, 1.8084492259252523, 0.4807137234323545, 0.6798740488061418, 0.4807137234323545, 0.4807137234323545, -0.8470217790605432, -0.3823143531878816, -0.9134085541856304, -0.7806350039354562, -1.1125688795594175, -0.18315402781409434, -1.5772763054320793, 0.5471004985574417, -0.11676725268900723, 0, 0, 0, -1, 0, 0, 0, 0, 0, 0, 0, 0]|3
[0, 1, 0, 0, 0, 0, 0.8013508172661193, 0.5237769245973327, 0.5607867769529792, 0.4497572198856289, 0.5237769245973327, 0.1536784010392244, 0.20919317957289957, 0.1536784010392244, 0.1536784010392244, -0.21642012251888393, -0.08688563927350491, -0.2349250486969126, -0.19791519634085525, -0.29043982723058775, -0.03137086073982976, -0.4199743104759668, 0, 0, 0, 0, 0, 0, 0, 0, 0, 0, 0, 0]|3
[0, 1, 0, 0, 0, 0, 0.6797908488996586, 0.4017118966461981, 0.7493105869631201, 0.4886115692252357, 0.5233714382567735, 0.41909183116177406, 0.4886115692252357, 0.14101287890831365, 0.19315268245581338, 0.14101287890831365, 0.14101287890831365, -0.20658581140860835, -0.08492626979764706, -0.22396574592457022, -0.18920587689264648, -0.27610554947206994, 0, 0, 0, 0, 0, 0, 0, 0, 0, 0, 0, 0]|3
[0, 1, 0, 0, 0, 0, 0.5294741422217444, 0.45870381172288216, 0.47285787782271743, 0.246392820226924, 0.5294741422217444, 0.31716315072547197, 0.34547128292482826, 0.260546886326445, 0.31716315072547197, 0.03408182873065157, 0.0765440270298432, 0.03408182873065157, 0.03408182873065157, -0.24899949326416881, -0.14992103056595027, -0.26315355936400414, 0, 0, 0, 0, 0, 0, 0, 0, 0, 0, 0, 0]|2
[0, 1, 0, 0, 0, 0, 0.461411222333592, 0.303641175591527, 0.5140012379142803, 0.44826371843834695, 0.461411222333592, 0.2510511600111306, 0.5140012379142803, 0.31678867948677203, 0.34308368727697025, 0.2641986639060837, 0.31678867948677203, 0.053838601583622296, 0.09328111326906557, 0.053838601583622296, 0.053838601583622296, -0.20911147631952745, 0, 0, 0, 0, 0, 0, 0, 0, 0, 0, 0, 0]|2
[0, 1, 0, 0, 0, 0, 0.42726247533108125, 0.3745895773240522, 0.42726247533108125, 0.26924378130999405, 0.4799353733381103, 0.4140942508292509, 0.42726247533108125, 0.21657088330325738, 0.4799353733381103, 0.2824120058118244, 0.30874845481519275, 0.22973910780479534, 0.2824120058118244, 0.019047515776971485, 0.05855218928217019, 0.019047515776971485, 0, 0, 0, 0, 0, 0, 0, 0, 0, 0, 0, 0]|2
[0, 1, 0, 0, 0, 0, 0.4299058410328023, 0.3794288689452825, 0.4097150521978392, 0.36933347452768883, 0.4097150521978392, 0.2885703191873881, 0.4500966298679896, 0.3996196577802456, 0.4097150521978392, 0.2481887415174619, 0.4500966298679896, 0.29866571360498173, 0.31885650243994484, 0.25828413593483135, 0.29866571360498173, 0.09675782525445406, 0, 0, 0, 0, 0, 0, 0, 0, 0, 0, 0, 0]|2
[0, 1, 0, 0, 0, 0, 0.40525074505250164, 0.36418816063081355, 0.37787568877137623, 0.3094380480691706, 0.35050063249055474, 0.29575051992860785, 0.35050063249055474, 0.18625029480471406, 0.40525074505250164, 0.33681310434999207, 0.35050063249055474, 0.13150018224307108, 0.40525074505250164, 0.19993782294527676, 0.22731287922609825, 0.14518771038332987, 0, 0, 0, 0, 0, 0, 0, 0, 0, 0, 0, 0]|2
[0, 1, 0, 0, 0, 0, 0.42601271723746775, 0.3810963229805288, 0.41702943838619966, 0.3900796018317969, 0.3990628806832645, 0.3541464864263255, 0.3810963229805288, 0.34516320757485797, 0.3810963229805288, 0.2732969767635163, 0.41702943838619966, 0.3721130441290612, 0.3810963229805288, 0.23736386135804488, 0.41702943838619966, 0.2822802556149838, 0, 0, 0, 0, 0, 0, 0, 0, 0, 0, 0, 0]|2
[0, 0, 0, 0, 0, 0, 0.25602474384367513, -0.08503905037130247, 0.3209892760752196, 0.23978361078605945, 0.30474814301760395, 0.25602474384367513, 0.2722658769016514, 0.19106021161249123, 0.23978361078605945, 0.17481907855451495, 0.23978361078605945, 0.04489001409142593, 0.30474814301760395, 0.22354247772808317, 0.23978361078605945, -0.020074518139757955, 0, 0, 0, 0, 0, 1, 1, 1, 0, 0, 0, 0]|1
[0, 0, 0, 0, 0, 0, 0.01137425356436024, -0.5868403948493874, 0.2506601129294798, -0.10826867611838929, 0.3190275013196766, 0.23356826583221524, 0.30193565422241203, 0.2506601129294798, 0.26775196002712387, 0.1822927245396625, 0.23356826583221524, 0.16520087744201842, 0.23356826583221524, 0.028466100661624805, 0.30193565422241203, 0.21647641873457116, 0, 0, 0, 0, 0, 0, 1, 1, 1, 0, 0, 0]|0
[0, 0, 0, 0, 0, 0, -1.3499766874206736, -1.6297276542072214, -0.4547735937033477, -1.4339019774565758, -0.06312224020267762, -0.6505992704539934, 0.04877814651206576, -0.09109733688089758, 0.02080304983384579, -0.06312224020267762, -0.03514714352383648, -0.17502262691679982, -0.09109733688089758, -0.20299772359564097, -0.09109733688089758, -0.42679849702512773, 0, 0, 0, 0, 1, 1, 1, 1, 1, 1, 1, 1]|0
[0, 0, 0, 0, 0, 0, -0.9545505649548994, -1.0519890569069603, -0.8571120730032713, -1.0519890569069603, -0.2335057245112064, -0.9155751681743347, 0.0393220529536122, -0.3699196132438321, 0.11727284651517439, 0.019834354563546187, 0.09778514812510838, 0.0393220529536122, 0.05880975134411093, -0.03862874060751728, 0.019834354563546187, -0.05811643899801601, 0, 0, 0, 0, 0, 0, 1, 1, 1, 1, 1, 1]|0
[0, 0, 0, 0, 0, 0, -0.5347801846414622, -0.5883032976401995, -0.5347801846414622, -0.6016840758899581, -0.4678762933932634, -0.6016840758899581, -0.03969138940366211, -0.5080186281422421, 0.14763950609147278, -0.1333568371513781, 0.20116261909021008, 0.1342587278420113, 0.1877818408407486, 0.14763950609147278, 0.1610202843412314, 0.09411639309303259, 0, 0, 0, 0, 0, 0, 0, 0, 0, 1, 1, 1]|1
[0, 0, 0, 0, 0, 0, -0.31641030228445527, -0.5000750264395238, -0.454158845400693, -0.5000750264395238, -0.454158845400693, -0.5115540716992953, -0.3967636191023456, -0.5115540716992953, -0.029434170791953408, -0.431200754881405, 0.13127246284357236, -0.10978748760984373, 0.17718864388240324, 0.11979341758405579, 0.16570959862288667, 0.13127246284357236, 0, 0, 0, 0, 0, 0, 0, 0, 0, 0, 0, 0]|1
[0, 0, 0, 0, 0, 0, -0.1414746543781441, -0.3516129032258096, -0.3294930875577248, -0.5064516129031402, -0.462211981566725, -0.5064516129031402, -0.462211981566725, -0.5175115207373054, -0.4069124423963901, -0.5175115207373054, -0.052995391705313574, -0.44009216589864014, 0.10184331797177147, -0.1304147465439789, 0.14608294930818674, 0.09078341013785185, 0, 0, 0, 0, 0, 0, 0, 0, 0, 0, 0, 0]|1
[0, 0, 0, 0, 0, 0, -0.10026274823865039, -0.18232658166351257, -0.17206860248534786, -0.36697020686911086, -0.34645424851300916, -0.5105819153625057, -0.4695499986500747, -0.5105819153625057, -0.4695499986500747, -0.5208398945406705, -0.41826010275970665, -0.5208398945406705, -0.09000476906048567, -0.44903404029397304, 0.05360693943268149, -0.16181062330718315, 0, 0, 0, 0, 0, 0, 0, 0, 0, 0, 0, 0]|1
[0, 0, 0, 0, 0, 0, -0.12952243125911322, -0.18740955137481988, -0.12952243125911322, -0.20670525808019824, -0.19705740472750907, -0.3803666184273182, -0.36107091172215405, -0.5154365653641099, -0.47684515195356736, -0.5154365653641099, -0.47684515195356736, -0.5250844187167991, -0.42860588519054993, -0.5250844187167991, -0.11987457790642404, -0.45754944524840324, 0, 0, 0, 0, 0, 0, 0, 0, 0, 0, 0, 0]|1
[0, 0, 0, 0, 0, 0, 0.04285018817767306, -0.08522291085417805, 0.04285018817767306, -0.042531877843561015, 0.04285018817767306, -0.07099256651751636, -0.05676222218053868, -0.3271387645812186, -0.2986780759075792, -0.526363585297642, -0.4694422079500474, -0.526363585297642, -0.4694422079500474, -0.5405939296346197, -0.398290486265791, -0.5405939296346197, 0, 0, 0, 0, 0, 0, 0, 0, 0, 0, 0, 0]|1
[1, 0, 1, 0, 0, 0, 0.5926205612725616, 0.20317164834344645, 0.5926205612725616, 0.34226054581839516, 0.5926205612725616, 0.4257138843031173, 0.5926205612725616, 0.37007832531289075, 0.397896104808004, -0.13064170559544216, -0.07500614660583328, -0.5200906185245573, -0.4088195005447219, -0.5200906185245573, -0.4088195005447219, -0.5479083980196706, 0, 0, 0, -1, -1, -1, -1, -1, -1, -1, -1, -1]|2
[1, 1, 1, 1, 0, 0, 0.4597125635100188, 0.29691843238700405, 0.595374339446266, 0.2155213668254967, 0.595374339446266, 0.35118314276174395, 0.595374339446266, 0.43258020832325134, 0.595374339446266, 0.37831549794851144, 0.4054478531358814, -0.11006689542053277, -0.05580218504639535, -0.48991986804130216, -0.38139044729242483, -0.48991986804130216, 0, 0, 0, 0, -1, -1, -1, -1, -1, -1, -1, -1]|3
[1, 1, 1, 1, 0, 0, 0.5852263119324077, 0.42694887548596383, 0.4533284482266473, 0.29505101178020343, 0.5852263119324077, 0.21591229355698152, 0.5852263119324077, 0.3478101572627419, 0.5852263119324077, 0.42694887548596383, 0.5852263119324077, 0.37418973000342537, 0.4005693027446946, -0.10064257933590615, -0.04788343385395345, -0.4699565977113323, 0, 0, 0, 0, 0, -1, -1, -1, -1, -1, -1, -1]|3
[1, 1, 1, 1, 0, 0, 0.8639914115849003, 0.8026268652513293, 0.904901109140917, 0.5571686799170452, 0.6185332262506162, 0.4958041335834742, 0.5162589823610284, 0.3935298896938864, 0.6185332262506162, 0.3321653433603154, 0.6185332262506162, 0.4344395872499032, 0.6185332262506162, 0.4958041335834742, 0.6185332262506162, 0.45489443602745744, 0, 0, 0, 0, 0, 0, -1, -1, -1, -1, -1, -1]|3
[1, 1, 1, 1, 0, 0, 0.6591755380786273, 0.5916858515780521, 0.6423031164533899, 0.5916858515780521, 0.6760479597038648, 0.3892167920767013, 0.439834056952039, 0.33859952720136355, 0.3554719488262264, 0.254237419075551, 0.439834056952039, 0.20362015420021323, 0.439834056952039, 0.28798226232602586, 0.439834056952039, 0.33859952720136355, 0, 0, 0, 0, 0, 0, 0, 0, -1, -1, -1, -1]|3
[1, 1, 1, 1, 0, 0, 0.5441280841646389, 0.4506116144115229, 0.509059408007188, 0.4623011731305002, 0.4973698492879511, 0.4623011731305002, 0.5207489667264248, 0.3220264685006965, 0.3570951446581474, 0.28695779234324553, 0.29864735106222284, 0.22850999874732097, 0.3570951446581474, 0.19344132258987004, 0.3570951446581474, 0.2518891161857946, 0, 0, 0, 0, 0, 0, 0, 0, 0, -1, -1, -1]|2
[1, 1, 1, 1, 0, 0, 0.5038305648196968, 0.4930891871807406, 0.5467960753762371, 0.46086505426339497, 0.5145719424588915, 0.4716064319023512, 0.5038305648196968, 0.4716064319023512, 0.5253133200980862, 0.3427099002329688, 0.3749340331503144, 0.3104857673156232, 0.3212271449545794, 0.2567788791198882, 0.3749340331503144, 0.22455474620254262, 0, 0, 0, 0, 0, 0, 0, 0, 0, 0, -1, -1]|3
[1, 1, 1, 1, 0, 0, 0.4872127754224519, 0.4566541684446589, 0.47702657309644547, 0.4668403707706653, 0.5177713824002448, 0.43628176379287237, 0.4872127754224519, 0.4464679661186525, 0.47702657309644547, 0.4464679661186525, 0.49739897774845826, 0.3242335382074807, 0.3547921451852737, 0.29367493122968774, 0.30386113355546795, 0.24274391959988204, 0, 0, 0, 0, 0, 0, 0, 0, 0, 0, 0, -1]|3
[0, 0, 1, 1, 0, 0, -1.4323268217545846, -3.194934743484009, -1.5582273875931993, -1.684127953431814, -0.676923426728487, -1.684127953431814, -0.5510228608926678, -0.9287245584057165, -0.8028239925671018, -1.3064262559187654, -0.9287245584057165, -1.5582273875931993, -0.5510228608926678, -1.3064262559187654, -0.1733211633768235, -0.8028239925671018, 1, 1, 1, 1, 1, 1, 1, 1, 1, 1, 1, 1]|0
[1, 0, 1, 1, 0, 0, -5.82930232559074, -7.392093023269073, -1.9223255813992466, -7.392093023269073, -2.3130232558209984, -2.7037209302427505, 0.42186046511391456, -2.7037209302427505, 0.8125581395269913, -0.3595348837295893, 0.03116279069216262, -1.53162790698617, -0.3595348837295893, -2.3130232558209984, 0.8125581395269913, -1.53162790698617, -1, 0, 1, 0, 0, 1, 1, 1, 1, 1, 1, 1]|3
[1, 0, 1, 1, 0, 0, 2.434816900036482, -1.7135074137890147, -1.2650399204020035, -1.7135074137890147, -0.14387118693572035, -1.7135074137890147, -0.2559880602830955, -0.36810493363047064, 0.5288300531435516, -0.36810493363047064, 0.6409469264884373, 0.3045963064488013, 0.41671317979617645, -0.03175431359083468, 0.3045963064488013, -0.2559880602830955, 0, -1, 0, 0, 0, 0, 0, 0, 1, 1, 1, 1]|3
[0, 0, 1, 1, 0, 0, 0.4628946964598923, 0.38205073902752873, 0.4628946964598923, 0.408998724838516, 0.408998724838516, 0.03172692348708708, 0.408998724838516, -0.5880767501614326, -0.48028480691808173, -0.5880767501614326, -0.21080494881000367, -0.5880767501614326, -0.23775293462099098, -0.2647009204319783, -0.0491170339452765, -0.2647009204319783, 0, 0, 0, 0, 0, 0, 0, 0, 0, 0, 0, 0]|2
[0, 0, 1, 1, 0, 0, 0.41627988367361657, 0.41627988367361657, 0.4417783962605565, 0.36528285850030284, 0.4417783962605565, 0.39078137108724276, 0.39078137108724276, 0.033802194872348236, 0.39078137108724276, -0.5526635946233073, -0.45066954427611366, -0.5526635946233073, -0.19568441840841275, -0.5526635946233073, -0.2211829309953527, -0.24668144358229263, 0, 0, 0, 0, 0, 0, 0, 0, 0, 0, 0, 0]|3
[0, 0, 1, 1, 0, 0, 1.1832151300247276, 0.38497595174071386, 0.38497595174071386, 0.38497595174071386, 0.40992092606224506, 0.33508600309820535, 0.40992092606224506, 0.36003097741973655, 0.36003097741973655, 0.010801336920515228, 0.36003097741973655, -0.5629330724708252, -0.46315317518525434, -0.5629330724708252, -0.21370343197160396, -0.5629330724708252, 0, 0, 0, 0, 0, 0, 0, 0, 0, 0, 0, 0]|3
[0, 0, 1, 1, 1, 1, 1.1705532126034741, 0.8162986851904875, 1.195857107418848, 0.3861324733319414, 0.3861324733319414, 0.3861324733319414, 0.4114363681473152, 0.33552468370175553, 0.4114363681473152, 0.3608285785171294, 0.3608285785171294, 0.006574051104142914, 0.3608285785171294, -0.5754155296455227, -0.4741999503845891, -0.5754155296455227, 1, 0, 0, 0, 0, 0, 0, 0, 0, 0, 0, 0]|3
